keywords	B2B	B2C	3D打印	VR/AR	本地生活	汽车交通	工具软件	母婴	企业信息化	社交网络	O2O	金融	移动互联网	传媒	先进制造	传统硬件	IT服务	教育	房产服务	文化娱乐	游戏	体育	C2C	物流配送	生物医药	医疗健康	生鲜	机械制造	互联网金融	环保	广告营销	家政服务	旅游服务	大数据	P2P服务	招聘求职	新材料	智能硬件	可穿戴设备	装修装潢	电子设备	网络社区	影视动漫	云服务	食品饮料	人工智能	新能源	现代农业	物联网	企业服务
师资	0	0	0	1	1	0	0	0	0	0	0	0	5	0	0	0	0	17	0	1	0	2	0	0	0	0	0	0	0	0	1	0	0	0	0	0	0	1	0	0	1	0	0	0	0	1	0	0	0	4
分析仪	0	0	0	0	0	0	2	0	0	0	0	0	1	0	9	1	4	0	0	0	0	0	0	0	0	9	0	0	0	2	0	0	0	0	0	0	0	0	0	0	5	0	0	0	0	0	0	0	0	2
工程中心	0	0	0	0	0	3	2	0	0	0	0	0	0	0	6	0	3	0	0	1	0	0	0	0	0	2	0	0	0	9	0	0	0	0	0	0	3	0	0	0	2	0	0	0	0	0	0	1	0	3
液化	1	0	0	0	2	1	0	0	0	0	0	2	0	0	15	1	0	0	1	0	0	0	0	1	0	0	0	0	0	4	0	0	0	0	0	0	0	0	0	0	0	0	0	0	0	0	2	0	1	4
比重	0	0	1	0	2	0	0	0	1	0	1	1	0	1	4	0	7	0	1	0	0	0	0	1	0	1	0	0	0	0	2	0	0	0	0	0	1	0	0	0	0	0	0	0	1	0	0	0	1	9
专科	0	0	0	0	3	0	1	1	0	0	0	0	1	0	3	0	0	1	0	0	0	0	0	1	1	12	0	0	0	4	0	0	0	0	0	0	2	0	0	0	0	0	0	0	0	0	1	0	0	4
困境	0	0	0	0	0	0	2	0	0	0	0	0	4	0	0	0	3	1	1	0	0	0	0	0	0	0	0	0	10	1	0	0	0	0	10	0	1	0	0	0	0	0	0	0	0	0	0	0	0	2
优先	0	0	0	0	0	0	1	1	0	1	0	7	2	4	5	0	2	0	0	0	0	0	0	0	0	2	0	0	2	0	2	0	0	0	0	1	2	0	0	1	0	0	1	0	0	0	0	0	0	1
鲜花	0	3	0	0	7	0	0	0	0	0	4	0	5	0	0	0	1	0	0	1	0	0	0	1	0	1	0	0	0	0	0	0	0	0	0	0	0	0	0	0	7	0	0	0	2	0	0	0	0	3
药材	1	0	0	0	0	0	0	0	0	0	0	0	1	0	1	0	0	0	1	0	0	0	0	0	1	23	0	0	0	0	0	0	0	0	0	0	0	0	0	0	1	0	0	0	1	0	0	1	0	4
钻石	0	0	0	0	4	1	0	0	0	0	1	2	0	1	4	0	1	0	4	0	0	0	0	0	0	0	0	1	0	0	1	0	0	0	1	0	1	0	0	0	11	0	0	0	0	0	0	0	0	2
时光	0	1	0	0	0	0	1	0	0	2	1	0	10	4	0	0	1	0	0	5	2	0	0	0	0	0	0	0	0	0	1	0	1	0	0	0	0	1	0	0	2	0	1	0	0	1	0	0	0	1
符合国家	0	0	0	0	0	0	1	0	0	0	0	3	1	0	5	0	1	1	0	0	0	0	0	0	0	2	0	0	1	9	0	0	0	0	1	0	1	1	0	1	4	0	0	0	0	0	1	0	0	2
成品油	0	0	0	0	1	5	3	0	0	0	0	3	1	0	7	0	2	0	1	0	0	0	0	5	0	0	0	0	0	1	0	0	0	0	0	0	0	0	0	0	1	0	0	0	1	0	1	0	1	2
参与者	1	0	0	0	0	0	5	0	0	2	1	1	7	0	1	0	2	2	1	1	0	0	0	0	0	0	0	0	1	1	1	0	1	0	1	0	0	0	0	1	3	0	0	0	0	0	0	0	0	2
全年	0	1	0	0	3	1	2	0	0	0	0	2	3	0	4	0	0	0	2	1	0	0	0	1	0	0	0	0	1	2	0	0	3	0	0	0	0	0	0	0	4	0	0	0	0	0	0	1	1	3
全市	1	1	0	0	2	0	0	0	2	0	0	3	5	1	1	0	1	0	1	2	0	0	0	1	0	0	0	0	6	0	0	0	0	0	2	0	0	0	0	0	1	0	0	0	0	0	0	0	1	4
过滤器	0	0	0	0	0	0	0	0	0	0	0	0	0	0	16	0	0	0	0	0	0	0	0	0	0	2	0	0	0	12	0	0	0	0	0	0	1	0	0	0	0	0	0	0	0	0	0	0	0	4
smt	0	0	0	0	1	2	0	0	0	0	0	0	1	0	5	1	2	0	0	0	0	0	0	0	0	1	0	1	0	2	0	0	0	0	0	0	1	0	1	0	15	0	0	0	0	0	0	0	0	2
理化	0	0	0	0	0	2	2	0	0	0	0	0	0	0	16	0	0	0	0	0	0	0	0	0	0	0	0	1	0	6	0	0	0	0	0	0	1	0	0	0	0	0	0	0	2	0	1	1	0	3
乡镇	3	0	0	0	4	0	0	0	0	0	0	1	2	0	1	1	1	1	1	0	0	0	1	1	1	3	0	0	3	3	0	0	0	0	3	0	0	0	0	0	1	0	0	0	1	0	0	2	0	1
投资商	0	1	0	0	1	1	2	0	0	0	0	0	13	0	0	0	2	0	3	0	1	0	0	0	0	1	0	0	4	1	0	0	0	0	1	0	0	0	0	0	4	0	0	0	0	0	0	0	0	0
气候	0	0	0	0	2	3	0	0	0	0	0	0	1	0	3	0	0	0	1	0	0	0	0	0	0	0	0	0	0	6	0	0	2	1	0	0	0	0	0	0	2	0	0	0	5	0	0	4	1	4
优点	0	0	0	0	0	0	0	0	0	0	0	0	1	1	9	1	2	0	0	1	0	0	0	0	0	1	0	0	0	8	1	0	0	0	0	0	1	2	0	0	3	0	0	0	0	0	1	0	0	3
话题	0	2	0	0	1	0	0	0	0	8	1	0	12	1	0	0	1	1	0	4	0	0	0	0	0	0	0	0	0	0	1	0	0	1	0	0	0	0	0	0	0	0	1	0	0	0	0	0	0	1
面板	0	0	0	0	1	3	0	0	0	0	0	0	0	0	11	0	0	0	1	0	0	0	0	0	0	0	0	0	0	2	0	0	0	0	0	0	4	1	0	0	7	0	0	0	0	0	1	0	0	4
基石	0	0	0	0	0	2	0	0	0	0	0	1	1	2	1	1	2	0	3	1	0	0	0	1	0	2	0	0	3	2	1	0	0	1	3	0	1	1	0	1	2	0	0	0	0	0	0	0	0	3
lcd	0	0	0	0	0	1	1	0	0	0	0	0	0	0	10	1	1	0	0	0	0	0	0	0	0	1	0	0	0	1	0	0	0	0	0	0	4	0	0	0	13	0	0	0	0	0	0	0	0	2
移植	0	0	0	1	1	0	2	0	0	0	0	0	10	0	0	0	4	1	0	0	5	0	0	0	1	6	0	0	0	0	0	0	0	0	0	0	0	0	0	0	2	0	0	0	0	0	0	0	0	2
soho	0	0	0	0	0	0	1	0	0	0	0	0	2	0	2	0	1	0	5	0	1	0	0	0	0	0	0	0	11	0	0	0	0	0	10	1	0	0	0	0	0	0	0	0	1	0	0	0	0	0
催化剂	0	0	0	0	1	1	0	0	0	0	0	2	0	0	4	0	0	1	0	0	0	0	0	0	0	1	0	0	0	17	0	0	0	0	0	0	4	0	0	0	0	0	0	0	0	0	1	0	0	3
材质	0	0	1	0	0	1	0	0	0	0	0	0	0	0	17	1	2	0	0	1	1	0	0	1	0	0	0	1	0	2	0	0	0	0	0	0	1	1	0	0	3	0	0	0	0	0	0	0	0	2
单机	0	0	0	0	0	1	2	0	0	0	0	0	6	0	8	0	3	0	0	0	3	0	0	0	0	2	0	1	1	2	0	0	0	0	0	0	0	0	0	0	0	0	0	0	1	0	1	0	1	3
信息工程	0	0	0	0	1	1	7	0	0	0	0	1	4	0	1	1	13	0	0	0	0	0	0	0	0	0	0	0	1	0	0	0	0	0	0	0	0	0	0	0	0	0	0	0	0	0	0	0	0	5
华人	0	2	0	0	0	0	1	0	0	4	0	2	9	0	0	0	4	0	2	0	0	0	0	0	0	2	0	0	2	0	0	0	1	0	1	0	0	0	0	0	4	0	1	0	0	0	0	0	0	0
片区	0	0	0	0	0	1	1	0	0	0	0	1	1	0	2	0	0	0	21	1	0	0	0	0	0	0	0	0	0	3	1	0	1	0	0	0	1	0	0	1	0	0	0	0	0	0	0	0	0	0
附加值	0	0	0	0	1	1	0	0	0	0	0	0	4	2	3	0	6	0	0	1	0	0	0	0	0	1	0	1	1	2	0	0	0	1	0	0	2	0	0	0	2	0	0	0	2	0	0	0	0	5
成分	0	0	0	0	0	0	0	0	0	0	0	0	2	1	3	0	0	0	1	0	0	0	0	0	1	7	0	0	0	7	0	0	0	1	0	0	0	0	0	0	2	0	1	0	5	0	0	0	0	4
特许经营	0	0	0	0	3	0	0	0	0	1	0	0	1	0	1	0	0	1	1	1	0	0	0	0	0	0	0	0	0	16	0	0	2	0	0	0	0	0	0	0	0	0	0	0	4	0	0	0	1	3
代表性	0	0	0	0	0	0	1	0	0	0	0	2	2	2	6	0	0	0	8	0	1	0	0	0	0	1	0	1	1	2	0	0	0	0	0	0	1	0	0	1	2	0	0	0	1	0	0	0	0	3
选型	1	1	0	0	0	0	5	0	0	0	0	0	1	0	6	0	2	0	0	0	0	0	0	0	0	2	0	0	0	5	0	0	0	0	0	0	2	0	0	0	6	0	0	0	0	0	0	0	0	4
制动	0	1	0	0	0	19	0	0	0	0	0	0	1	0	10	0	0	0	0	0	0	0	0	0	0	0	0	1	0	1	0	0	0	0	0	0	0	0	0	0	0	0	0	0	0	0	1	0	0	1
进展	0	1	0	0	0	2	0	0	0	0	0	0	5	0	3	0	4	0	0	0	1	0	1	1	0	2	0	0	1	3	1	0	0	1	0	0	1	0	0	1	2	0	0	1	0	0	1	0	0	3
剂型	0	0	0	0	0	0	0	0	0	0	0	0	0	0	0	0	0	0	1	0	0	0	0	0	3	27	0	0	0	0	0	0	0	0	0	0	0	0	0	0	0	0	0	0	0	0	0	1	0	3
旅行者	0	0	0	0	0	1	0	0	0	1	0	0	20	1	1	0	0	0	0	0	0	0	0	0	0	0	0	0	0	0	0	0	6	1	0	0	0	0	0	0	3	0	0	0	0	0	0	0	0	1
机型	0	0	0	0	0	5	1	0	0	0	0	0	2	0	15	0	0	0	0	0	0	0	0	1	0	1	0	1	0	2	0	0	0	0	0	0	0	1	0	0	4	0	0	0	0	0	0	1	1	1
考核	0	0	0	0	2	1	3	0	0	0	0	2	1	0	4	0	5	5	1	0	0	0	0	0	0	2	0	0	1	2	0	0	0	0	0	0	0	0	0	0	1	0	0	0	1	0	0	0	0	5
ai	0	0	0	1	0	1	1	0	0	0	0	3	3	0	3	0	4	3	0	0	1	0	0	0	0	1	0	0	1	1	0	0	0	4	0	0	0	1	0	0	0	0	0	1	0	6	0	0	0	1
直升机	0	0	0	0	0	3	1	0	0	0	0	0	0	0	21	1	2	0	0	1	0	0	0	0	0	0	0	0	0	0	0	0	1	0	0	0	0	1	0	0	0	0	0	0	0	1	0	1	0	3
期刊	1	0	0	0	1	0	0	0	0	2	0	0	8	6	2	0	2	2	0	7	0	0	0	0	0	0	0	0	0	0	0	0	0	0	0	0	0	0	0	0	1	0	1	0	1	0	0	0	0	2
游艇	0	0	0	0	1	2	0	0	0	0	0	1	0	0	14	0	1	0	6	2	0	0	0	0	0	0	0	0	0	1	0	0	1	0	0	0	2	1	0	0	1	0	0	0	0	0	0	0	0	3
嵌入式软件	0	0	0	0	0	0	12	0	1	0	0	0	4	0	2	0	9	0	0	0	0	0	0	0	0	0	0	0	1	1	0	0	0	0	0	0	0	1	0	0	2	0	0	0	0	0	0	0	0	3
光电子	0	0	0	0	0	0	2	0	0	0	0	1	2	0	12	1	2	0	0	0	0	0	0	0	0	1	0	0	1	1	0	0	0	0	1	0	0	1	0	0	8	0	0	0	0	0	0	0	0	3
会员卡	0	0	0	0	1	0	3	0	0	1	0	0	11	0	0	0	3	0	0	1	1	1	0	0	0	0	0	0	8	0	0	0	0	0	0	0	0	1	0	0	5	0	0	0	0	0	0	0	0	0
会员制	2	2	0	0	3	2	0	0	0	1	1	1	5	0	0	0	0	1	0	1	0	1	0	0	0	0	0	0	2	0	0	0	2	0	0	0	0	0	0	0	10	0	0	0	1	0	0	0	0	1
产地	0	2	0	0	9	1	0	0	0	0	4	1	2	0	1	0	0	0	0	1	0	0	0	0	0	1	3	0	0	0	0	0	0	0	0	0	0	0	0	0	1	0	0	0	7	0	0	2	1	0
锻件	0	0	0	0	0	9	0	0	0	0	0	0	0	0	22	1	0	0	0	0	0	0	0	0	0	0	0	0	0	0	0	0	0	0	0	0	1	1	0	0	1	0	0	0	0	0	0	0	0	1
低价	3	2	0	1	3	1	0	0	0	0	2	0	10	0	0	0	1	1	0	0	0	0	1	1	0	0	1	0	0	0	0	0	0	1	0	0	0	1	0	1	2	0	0	0	1	0	0	1	0	2
标志性	0	0	0	0	1	2	0	0	0	0	0	0	1	0	5	1	2	0	10	0	0	0	0	0	0	1	0	0	0	3	0	0	0	1	0	0	1	0	0	0	3	0	0	0	0	0	0	1	2	2
；旅游	0	0	0	0	1	2	0	0	0	1	0	4	2	1	0	0	0	0	3	2	0	0	0	0	0	1	0	0	1	2	0	0	9	0	1	0	1	0	0	0	0	0	1	0	0	0	1	0	0	3
项目经理	0	0	0	0	2	0	0	0	0	0	0	1	4	0	0	0	11	1	2	0	1	0	0	0	0	1	0	0	0	3	0	0	0	1	0	1	0	0	0	0	0	0	0	0	0	0	0	0	0	8
教室	0	0	2	0	0	0	4	0	0	0	0	0	8	1	0	1	3	14	0	0	0	0	0	0	0	0	0	0	0	0	0	0	0	1	0	0	0	0	0	0	1	0	0	0	0	0	0	0	0	1
河道	0	0	0	0	2	0	0	0	0	0	0	0	0	0	1	0	0	0	1	1	0	0	0	0	0	0	0	0	1	25	0	0	1	0	1	0	1	0	0	0	0	0	0	0	0	0	1	0	0	1
车床	0	1	0	0	1	2	0	2	0	0	0	0	1	0	21	0	1	0	0	0	0	0	0	1	0	0	0	0	0	2	0	0	0	0	0	0	0	0	0	0	1	0	0	0	0	0	1	0	0	2
振动	0	0	0	0	0	5	0	0	0	0	0	0	0	0	15	0	1	0	0	0	0	0	0	0	0	1	0	2	0	5	0	0	0	0	0	0	0	0	0	0	3	0	0	0	0	0	0	0	0	4
冷却	0	0	0	0	0	7	0	0	0	0	0	0	0	0	13	0	0	0	1	0	0	0	0	0	0	0	0	1	0	5	0	0	0	0	0	0	2	0	0	0	1	0	0	0	0	0	2	1	0	3
microsoft	0	0	0	0	0	0	10	0	0	0	0	0	4	0	1	0	13	0	0	0	1	0	0	0	0	0	0	0	0	0	0	0	0	2	0	0	0	0	0	0	0	0	0	0	0	0	0	0	0	5
wi-fi	0	0	0	0	0	1	3	0	0	0	0	0	7	3	0	0	5	0	0	0	0	0	0	0	0	0	0	0	0	2	1	0	0	1	0	0	0	4	0	0	2	0	0	0	0	0	0	0	3	4
份额	0	0	1	0	0	3	1	0	0	0	0	4	4	0	7	0	1	1	0	1	1	0	0	0	0	1	0	0	2	2	0	0	0	0	1	0	0	0	0	0	2	0	0	0	1	0	0	0	1	2
城建	0	0	0	0	2	0	1	0	0	0	0	3	3	0	4	0	4	0	12	0	0	0	0	0	0	0	0	1	0	2	0	0	0	0	0	0	0	0	0	0	0	0	0	0	0	0	0	1	1	2
出版物	1	0	0	0	0	1	3	0	0	0	0	0	5	7	0	0	2	5	0	8	0	0	0	0	0	0	0	0	0	0	0	0	0	0	0	0	0	0	0	0	3	0	0	0	0	0	0	0	0	1
筛查	0	0	0	0	0	0	0	1	0	0	0	0	1	0	0	0	1	0	1	0	0	0	0	0	1	25	0	0	1	0	0	0	0	1	1	0	0	1	0	0	0	0	0	0	0	1	0	0	0	1
税收	0	0	0	0	2	0	2	0	0	0	0	2	1	0	7	0	0	0	1	0	0	0	0	1	0	4	0	0	1	6	0	0	0	0	0	0	1	0	0	0	1	0	0	0	1	0	0	0	0	6
haccp	0	0	0	0	2	1	1	0	0	0	0	0	0	0	3	0	0	0	0	0	0	0	0	1	0	3	3	0	0	0	0	0	0	0	0	0	0	0	0	0	0	0	0	0	14	0	0	4	1	3
cisco	0	0	0	0	0	0	3	0	0	0	0	0	7	0	2	0	14	1	0	0	0	0	0	0	0	0	0	0	0	0	0	0	0	2	0	1	0	0	0	0	1	0	0	0	0	0	0	0	0	5
神经	0	0	0	0	0	0	0	0	0	0	0	0	1	0	3	0	2	0	0	1	0	0	0	0	1	19	0	0	0	0	0	0	0	0	0	0	0	2	0	0	0	0	1	0	0	2	0	0	1	3
全称	0	0	0	0	0	1	1	0	0	0	0	0	5	1	2	0	2	1	1	2	0	0	0	0	0	0	0	1	6	1	0	0	0	0	6	0	0	0	0	2	2	0	1	0	0	0	0	0	0	1
回报率	0	0	0	0	0	0	0	0	0	0	0	2	2	0	0	0	2	1	2	0	0	0	0	0	0	0	0	0	14	0	0	0	0	0	12	0	0	0	0	0	0	0	0	1	0	0	0	0	0	0
内涵	0	0	0	0	4	1	1	0	1	0	0	0	2	0	2	0	5	0	0	2	0	0	0	2	0	3	0	0	1	1	0	0	2	0	0	0	1	0	0	1	2	0	0	0	1	0	0	0	0	4
internet	0	1	0	0	1	0	4	0	1	2	1	1	9	0	0	0	7	0	0	0	0	0	0	0	0	0	0	0	0	0	0	0	0	0	0	0	0	0	0	0	4	0	0	0	0	0	0	0	0	5
首席	0	0	0	0	2	3	2	0	0	1	0	1	7	0	1	0	0	0	3	1	0	0	0	0	0	0	0	0	3	3	1	0	0	0	1	0	0	1	0	0	3	0	0	0	0	0	0	1	0	2
组成部分	0	0	0	0	0	0	2	0	1	0	0	3	3	0	5	0	2	1	6	0	0	0	0	0	0	2	0	0	1	4	0	0	0	0	1	0	0	3	0	0	1	0	0	0	0	0	0	0	0	2
新车	1	0	0	0	4	10	0	0	0	0	2	2	4	0	2	0	0	0	0	0	0	0	0	0	0	0	0	0	3	2	0	0	0	0	2	0	0	0	0	0	3	0	0	0	0	0	0	0	1	1
ol	0	0	0	0	0	0	0	0	0	0	0	0	19	0	0	0	0	0	0	1	11	0	0	0	0	0	0	0	5	0	0	0	0	0	0	0	0	0	0	0	1	0	0	0	0	0	0	0	0	0
ii	0	0	0	0	1	2	2	0	0	0	0	3	1	0	4	0	3	0	1	0	0	1	0	0	1	12	0	0	0	4	0	0	0	0	0	0	0	0	0	2	0	0	0	0	0	0	0	0	0	0
卡通	0	0	0	0	0	0	1	1	0	2	0	1	8	4	0	0	0	2	0	5	1	0	0	0	0	0	0	0	3	0	0	0	0	0	0	0	1	0	0	0	2	0	4	0	2	0	0	0	0	0
理事长	0	0	0	0	1	1	2	0	1	0	0	0	5	0	3	0	4	1	0	0	0	0	0	0	0	2	0	0	1	2	0	0	0	2	0	0	5	0	0	1	2	0	0	0	0	0	0	2	0	2
小说	0	0	0	0	0	0	0	0	0	2	0	0	10	5	0	0	0	0	0	9	3	0	0	0	0	0	0	0	2	0	1	0	0	0	0	0	0	1	0	0	0	0	3	0	0	0	0	0	0	1
网络通信	0	0	0	0	2	0	3	0	1	0	0	0	3	1	0	2	7	0	1	0	0	0	0	0	0	0	0	0	1	1	0	0	0	0	0	0	0	2	0	0	7	0	0	0	0	0	0	0	0	6
给水	0	0	0	0	2	0	0	0	0	0	0	0	0	0	6	0	0	0	1	0	0	0	0	1	0	0	0	0	0	20	0	0	0	0	0	0	2	0	0	0	1	0	0	0	0	0	0	0	0	4
期望	0	0	0	0	1	2	2	0	0	2	1	0	3	1	4	0	2	0	0	0	0	0	0	0	0	1	0	0	3	3	1	0	0	0	0	1	2	0	0	1	2	0	0	0	0	0	0	0	0	5
细节	1	0	0	0	2	2	1	0	0	2	1	1	6	1	2	0	2	0	1	1	0	0	0	0	0	1	0	0	1	1	0	0	1	0	1	0	0	0	0	0	2	0	1	1	1	0	0	0	0	4
忠诚度	0	1	0	0	1	0	0	0	0	0	0	0	11	1	0	0	3	0	1	0	0	0	0	1	0	0	0	0	4	0	3	0	0	1	0	0	0	0	0	0	0	0	0	1	0	0	1	0	0	8
调节	0	0	0	0	2	2	0	0	0	1	0	0	1	0	5	0	1	0	0	1	0	0	0	0	0	5	0	0	0	5	0	0	0	0	0	0	2	1	0	1	3	0	0	0	0	0	1	0	1	5
攻关	0	0	0	0	0	2	2	0	0	0	0	0	1	0	7	0	2	0	0	0	0	0	0	0	0	5	0	0	0	10	0	0	0	0	0	0	2	1	0	0	4	0	0	0	0	0	0	0	1	0
之乡	0	1	0	0	0	2	0	0	0	0	1	0	0	0	14	0	0	0	0	0	0	1	0	0	0	2	1	0	0	5	0	0	0	0	0	0	4	0	0	0	1	0	0	0	3	0	0	1	0	1
与其	0	0	0	0	0	1	0	0	0	1	0	3	7	2	2	0	1	0	3	2	0	0	0	0	0	1	0	0	4	1	1	0	0	0	1	0	0	1	0	0	2	0	1	0	0	0	0	0	0	3
电讯	0	0	0	0	0	0	3	0	0	0	0	0	13	0	3	0	5	0	5	0	1	0	0	0	0	0	0	0	2	0	0	0	0	0	0	0	0	0	0	0	1	0	0	0	0	0	0	0	1	3
油气	0	0	0	0	0	0	3	0	0	0	0	1	1	0	12	0	1	0	1	0	0	0	0	0	0	0	0	2	0	9	0	0	0	0	0	0	0	0	0	0	0	0	0	0	0	0	2	0	1	4
开发技术	0	0	1	0	0	3	6	0	0	0	0	0	9	0	2	1	1	1	0	0	5	1	0	0	0	0	0	0	0	3	0	0	0	0	0	0	0	0	0	0	1	0	0	0	0	0	0	0	0	3
有线电视	0	1	0	0	0	0	4	0	1	0	0	1	4	3	1	0	8	0	0	1	0	0	0	0	0	0	0	0	1	0	1	0	0	0	0	0	0	0	0	0	5	0	1	0	0	0	0	0	0	5
bpo	0	0	0	0	0	0	4	0	1	0	0	3	3	0	0	0	15	0	0	0	0	0	0	0	0	0	0	0	0	0	0	0	0	1	0	0	0	0	0	0	1	0	0	1	0	0	0	0	0	8
聚合物	0	0	1	0	1	0	0	0	0	0	0	0	0	0	5	0	0	0	0	0	0	0	0	0	0	1	0	1	0	8	0	0	0	0	0	0	8	0	0	0	5	0	0	0	0	0	4	0	0	3
图像识别	0	1	1	0	1	0	4	0	0	0	1	0	5	0	4	0	7	0	0	0	0	0	0	0	0	1	0	0	0	0	0	0	0	2	0	0	0	3	0	0	0	0	0	0	0	2	0	0	0	5
新品	0	0	0	0	1	0	1	0	0	0	0	0	4	1	3	0	2	0	2	0	0	0	0	0	0	2	0	0	2	2	3	0	0	0	0	1	3	0	0	0	3	1	0	0	0	0	0	1	0	5
单晶硅	0	0	0	0	0	0	0	0	0	0	0	0	0	0	4	0	0	0	1	0	0	0	0	0	0	0	0	1	0	24	0	0	0	0	0	0	2	0	0	0	0	0	0	0	0	0	5	0	0	0
电工	0	0	0	0	0	1	1	0	0	0	0	0	1	1	14	0	0	1	0	0	0	0	0	0	0	0	0	3	0	3	0	0	0	0	0	0	2	1	0	0	5	0	0	0	0	0	1	0	0	3
支柱	0	0	0	0	1	2	5	0	0	0	0	5	0	0	9	0	1	0	1	1	0	0	0	1	0	2	0	0	0	2	0	0	0	0	0	0	2	0	0	0	2	0	0	0	1	0	0	0	0	2
网络应用	0	0	0	0	1	0	4	0	0	1	0	0	9	0	0	0	12	1	1	0	0	0	0	0	0	0	0	0	3	0	0	0	0	0	0	0	0	0	0	0	2	0	0	1	0	0	0	0	1	1
外汇	2	0	0	0	0	0	4	0	0	0	0	11	2	0	0	0	3	0	1	0	0	0	0	0	0	0	0	0	7	0	0	0	0	0	2	0	0	0	0	0	2	0	0	0	0	0	0	0	0	3
优酷	0	0	0	0	0	0	0	0	0	1	0	0	7	10	0	0	1	1	0	6	1	0	0	0	0	0	0	0	0	0	4	0	0	1	0	0	0	0	0	0	0	0	4	0	0	0	0	0	0	1
大城市	0	0	0	0	3	3	1	0	0	0	0	0	6	0	4	0	3	0	3	1	0	0	0	0	0	2	0	0	1	2	0	0	0	1	0	0	0	0	0	0	3	0	0	0	0	0	0	0	0	4
sap	0	0	0	0	0	0	5	0	2	0	0	0	6	0	1	0	15	1	0	0	0	0	0	0	0	0	0	0	0	0	0	0	0	0	0	0	0	0	0	0	0	0	0	0	0	0	0	0	1	6
供求	2	1	0	0	1	0	0	0	0	0	0	0	3	0	0	1	1	0	0	0	0	0	0	0	0	1	0	0	12	0	0	0	0	0	10	0	0	0	0	1	4	0	0	0	0	0	0	0	0	0
防盗	0	0	0	0	0	0	3	0	0	0	0	1	4	0	6	1	6	0	0	0	0	0	0	1	0	1	1	0	0	0	0	0	0	0	0	0	0	4	0	0	3	0	0	0	0	0	0	0	2	4
发卡	0	0	0	0	0	0	0	0	0	0	0	2	13	0	0	1	4	0	0	0	0	0	0	0	0	0	0	0	14	0	0	0	0	1	0	0	0	0	0	0	2	0	0	0	0	0	0	0	0	0
造船	0	0	0	0	0	0	0	0	0	0	0	0	0	0	33	0	1	0	1	0	0	0	0	0	0	0	0	0	0	1	0	0	0	0	0	0	1	0	0	0	0	0	0	0	0	0	0	0	0	0
额度	0	0	0	0	0	0	0	0	0	0	0	10	4	0	0	0	1	0	0	0	0	0	0	0	0	0	0	0	11	0	0	0	0	1	9	0	0	0	0	0	1	0	0	0	0	0	0	0	0	0
行程	0	1	0	0	0	0	0	0	0	2	1	0	15	0	1	0	1	0	0	1	0	0	0	1	0	0	0	0	0	0	0	0	13	0	0	0	0	0	0	0	0	0	0	0	0	0	0	0	0	1
预期	0	0	0	0	1	1	3	0	1	0	1	2	3	1	2	0	2	0	4	0	0	0	0	0	0	2	0	0	1	3	1	0	2	0	1	0	0	0	0	0	1	0	0	0	0	0	0	1	2	2
净水	0	0	0	0	2	0	0	0	0	0	0	0	0	0	1	0	0	0	0	0	0	0	0	0	0	1	0	0	1	23	0	0	0	0	1	0	0	0	0	1	2	0	0	0	1	0	1	0	1	2
农牧	0	0	0	0	2	0	0	0	0	0	0	3	1	0	3	0	2	0	1	0	0	0	0	0	0	1	0	0	2	0	0	0	0	0	2	0	0	0	0	0	1	0	0	1	5	0	1	10	0	2
天线	0	0	0	0	0	1	0	0	0	0	0	0	4	0	12	4	2	0	0	0	0	0	0	0	0	0	0	0	0	0	0	0	0	0	0	0	0	1	1	0	9	0	0	0	0	0	0	0	0	3
焊机	0	0	0	0	0	4	0	0	0	0	0	0	0	0	23	0	0	0	0	0	0	0	0	0	0	1	0	0	0	4	0	0	0	0	0	0	0	2	0	0	2	0	0	0	0	0	1	0	0	0
标识	0	0	0	0	1	3	1	0	0	0	0	1	6	1	4	0	3	0	2	0	0	0	0	0	0	0	0	0	3	1	2	0	0	0	0	0	0	2	0	1	2	0	0	0	0	0	0	0	2	2
处理器	0	0	0	0	0	2	2	0	0	1	0	0	3	1	6	0	4	0	0	1	0	0	0	0	0	1	0	0	0	1	0	0	0	2	0	0	0	2	1	0	5	0	1	2	0	1	0	0	1	0
融投资	0	0	0	0	0	0	0	0	0	0	0	4	0	0	0	0	0	0	1	0	0	0	0	0	0	0	0	0	16	1	0	0	0	0	15	0	0	0	0	0	0	0	0	0	0	0	0	0	0	0
科室	0	0	0	0	1	0	1	0	1	0	0	0	5	0	0	0	2	0	1	0	0	1	0	0	2	20	0	0	0	1	0	0	0	0	0	0	0	0	0	0	0	0	0	0	0	0	0	0	0	2
光热	0	0	0	0	1	1	0	0	0	0	0	0	0	0	1	0	1	0	0	0	0	0	0	0	0	0	0	0	0	27	0	0	0	0	0	0	0	0	0	0	0	0	0	0	0	0	4	0	1	1
券商	0	0	0	0	0	0	3	0	0	0	0	13	2	0	0	0	1	0	1	0	0	0	0	0	0	1	0	0	9	2	0	0	0	1	3	0	0	0	0	0	0	0	0	0	0	0	0	0	0	1
免疫	0	0	0	0	0	0	1	0	0	0	0	0	0	0	0	0	0	0	0	0	0	0	0	0	1	27	0	0	0	1	0	0	0	0	0	0	0	0	0	0	0	0	0	0	1	0	0	3	0	3
皮革	1	0	3	0	4	1	0	0	0	0	1	0	1	0	8	0	2	0	0	0	0	0	0	0	0	0	0	0	0	8	0	0	0	0	0	0	1	0	0	1	1	0	0	0	0	0	0	0	0	6
sh	0	0	0	0	0	3	2	0	0	0	0	4	2	0	5	0	1	0	8	0	0	0	0	0	0	4	0	0	1	3	0	0	0	0	0	0	1	0	0	0	2	0	0	0	0	0	0	1	0	1
视界	0	0	0	3	0	0	2	0	0	1	1	0	7	2	0	0	4	1	1	4	0	2	0	0	0	0	0	0	1	0	0	0	0	1	0	0	0	2	1	0	2	0	1	1	0	0	0	0	0	1
口腔	0	0	1	0	2	0	1	0	0	0	1	0	3	0	3	0	0	0	0	0	0	0	0	0	2	24	0	0	0	0	0	0	0	0	0	0	0	0	0	0	0	0	0	0	0	0	0	0	0	1
利用自身	0	0	0	0	2	2	2	0	0	1	0	3	4	3	1	0	2	1	1	0	0	0	0	1	0	0	0	0	2	4	1	0	0	0	1	0	0	0	0	0	2	0	0	0	0	0	0	1	0	4
首饰	2	3	1	0	2	0	0	0	0	0	0	6	4	1	1	0	2	0	0	1	0	0	1	2	0	0	0	0	3	1	0	0	0	0	2	0	0	0	0	0	4	0	0	0	1	0	0	0	0	1
开创者	0	1	0	0	1	1	2	1	1	0	0	1	5	0	4	0	4	0	0	1	0	1	0	0	0	1	0	0	2	0	2	0	2	0	2	0	1	0	0	0	1	0	0	1	0	0	0	0	0	3
设备齐全	0	0	0	0	0	7	0	0	0	0	0	0	0	0	16	0	0	0	0	0	0	0	0	0	0	0	0	0	0	5	0	0	0	0	0	0	2	0	0	0	2	0	0	0	0	0	1	2	0	3
显示器	0	0	0	0	1	1	0	0	0	0	0	0	0	0	8	1	2	0	0	0	0	0	0	0	0	0	0	0	0	0	0	0	0	0	0	0	4	1	1	0	16	0	0	0	0	0	0	0	0	3
诚信为本	0	1	0	0	0	1	0	0	0	0	0	1	0	0	8	0	1	1	2	0	0	0	0	1	0	1	0	0	2	4	0	0	0	0	2	0	2	0	0	2	0	0	0	0	2	0	2	1	0	4
两地	0	0	0	1	0	0	1	0	0	1	0	2	4	1	2	0	5	0	4	1	0	0	0	1	0	1	0	0	3	2	0	0	0	3	0	0	0	0	0	0	4	0	0	0	0	1	0	0	0	1
近百家	0	0	0	0	1	3	4	0	0	0	0	2	8	1	0	0	1	0	0	2	0	1	0	1	0	2	0	0	3	1	0	0	0	0	1	0	1	0	0	0	2	0	1	0	0	0	0	0	1	2
科学家	0	0	0	0	1	0	2	0	0	1	0	1	3	0	1	0	1	2	0	0	0	0	0	0	0	15	0	0	1	6	0	0	0	0	0	0	1	0	0	0	1	0	0	0	0	0	0	1	0	1
评论	0	0	0	0	0	1	0	0	0	5	0	2	15	3	0	0	3	0	0	2	1	0	0	0	0	0	0	0	0	0	1	0	0	0	0	0	0	0	0	0	4	0	0	0	0	0	0	0	0	1
江淮	0	0	0	0	1	25	0	0	0	0	0	0	0	0	3	0	0	0	0	0	0	0	0	2	0	0	0	0	0	1	1	0	0	0	0	0	0	1	0	0	0	0	0	0	0	0	1	0	0	3
纵向	0	0	0	0	2	2	0	0	1	1	0	0	4	2	3	0	5	0	2	1	0	0	0	1	0	0	0	0	0	3	0	0	0	0	0	0	0	1	0	0	1	0	1	1	0	0	1	1	0	5
他人	0	0	0	0	0	0	0	0	0	1	0	1	5	0	1	0	1	0	0	0	0	0	0	0	0	0	0	0	14	0	0	0	0	0	11	0	0	2	0	0	0	0	1	0	0	0	0	0	0	1
地市	0	0	0	0	0	2	1	0	1	0	0	1	8	1	1	1	8	0	0	0	0	0	0	0	0	0	0	0	3	1	0	0	0	0	1	0	0	0	0	0	2	0	1	0	1	0	0	0	2	3
----	0	0	0	0	3	1	1	0	1	0	0	0	6	0	4	0	4	2	0	0	0	0	0	0	0	1	0	0	2	2	0	0	0	1	2	0	1	1	0	0	1	0	0	0	1	0	0	2	0	2
二手房	0	0	0	0	1	0	0	0	0	1	2	0	6	2	0	0	1	0	12	1	0	0	1	0	0	0	0	0	2	0	3	0	0	0	2	0	0	0	0	1	3	0	0	0	0	0	0	0	0	0
药房	0	1	0	0	0	0	0	0	0	0	0	0	3	0	1	0	2	0	0	0	0	0	0	0	3	23	0	0	2	0	0	0	0	0	0	0	0	0	0	0	1	0	0	0	0	0	0	0	0	2
理赔	1	1	0	0	0	6	0	0	1	0	2	13	3	0	0	0	2	0	0	0	0	0	0	0	0	1	0	0	4	0	0	0	0	0	0	0	0	0	0	0	1	0	0	0	0	0	0	1	0	2
国人	0	1	0	0	3	0	0	0	1	0	1	0	7	1	1	0	1	1	1	1	0	0	0	1	0	6	1	0	0	0	0	0	0	0	0	0	0	0	0	0	2	1	0	0	3	0	0	1	0	4
测试仪	0	0	0	0	1	1	0	0	0	0	0	0	3	0	9	0	2	0	0	0	0	0	0	0	0	2	0	0	0	2	0	0	0	0	0	0	2	0	0	0	13	0	0	0	0	0	0	0	0	3
异地	0	0	0	0	0	0	3	0	1	1	0	2	10	0	0	0	3	1	2	0	0	0	0	0	1	3	0	0	0	0	0	0	0	1	0	1	0	0	0	0	2	0	0	1	0	0	0	0	1	5
航运	0	0	0	0	0	4	4	0	0	0	0	3	3	0	2	0	2	0	2	0	0	0	0	9	0	0	0	0	1	0	0	0	1	1	0	0	0	0	0	0	0	0	0	0	0	0	0	0	1	5
intel	1	0	0	1	0	0	12	0	0	0	0	0	2	0	3	1	11	0	0	1	0	0	0	0	0	0	0	0	0	1	0	0	0	1	0	0	0	1	0	0	0	0	0	0	0	0	0	0	0	3
冲击	0	0	0	0	1	2	2	0	0	0	0	0	0	1	12	0	1	1	1	1	0	0	0	0	0	0	0	0	0	5	0	0	0	0	0	0	2	1	0	0	5	0	0	0	0	0	0	1	0	2
借款者	0	0	0	0	0	0	0	0	0	0	0	0	1	0	0	0	0	0	0	0	0	0	0	0	0	0	0	0	20	0	0	0	0	0	17	0	0	0	0	0	0	0	0	0	0	0	0	0	0	0
玩法	0	0	0	1	0	0	0	0	0	0	0	0	16	0	1	0	0	0	0	2	11	1	0	0	0	0	0	0	1	0	0	0	1	0	0	0	0	1	0	0	1	0	1	0	0	1	0	0	0	0
意见	0	1	0	0	2	0	0	0	1	3	1	5	6	3	2	0	1	0	1	1	0	1	0	0	0	1	0	0	1	0	1	0	0	0	1	1	0	0	0	0	2	0	0	0	0	0	0	0	0	3
全球性	0	0	0	0	0	1	1	0	0	0	0	2	7	0	7	0	4	1	0	1	1	0	0	1	0	1	0	0	0	3	0	0	1	0	0	0	0	0	0	0	2	0	0	0	0	1	2	0	0	2
如果	0	3	1	0	0	0	1	0	0	4	1	2	7	0	1	0	1	0	1	2	0	0	1	0	0	0	0	0	5	0	0	0	0	0	3	0	0	0	0	0	2	0	1	0	0	0	0	0	1	1
rpg	0	0	0	0	0	0	0	0	0	0	0	0	19	0	0	0	0	0	0	1	12	0	0	0	0	0	0	0	6	0	0	0	0	0	0	0	0	0	0	0	0	0	0	0	0	0	0	0	0	0
内燃机	0	0	0	0	0	13	0	0	0	0	0	1	0	0	17	1	0	0	0	0	0	0	0	1	0	0	0	0	0	2	0	0	0	0	0	0	0	0	0	0	1	0	0	0	0	0	0	0	0	2
偏好	0	2	0	0	1	0	0	0	0	1	1	2	7	1	0	0	1	1	0	2	0	0	0	0	0	1	0	0	7	0	2	0	0	3	3	0	0	0	0	0	0	0	0	0	0	0	0	0	0	3
小家电	0	2	0	0	5	0	0	0	1	0	0	0	4	0	6	0	1	0	0	0	0	0	0	0	0	1	0	2	0	1	2	0	0	0	0	0	0	1	0	0	6	0	0	0	1	0	1	0	1	3
源热泵	0	0	0	0	1	0	0	0	0	0	0	0	0	0	4	0	0	0	0	0	0	0	0	0	0	0	0	1	0	22	0	0	0	0	0	0	0	0	0	0	0	0	0	0	1	0	4	0	0	5
质检	1	0	0	0	0	2	0	0	0	0	0	0	0	0	10	0	3	0	0	0	0	0	0	0	0	6	0	1	1	3	0	0	0	0	0	0	0	1	0	2	2	0	0	0	1	0	0	1	0	4
污染物	0	0	0	0	0	1	0	0	0	0	0	0	0	0	2	0	1	0	0	0	0	0	0	0	0	1	0	0	0	24	0	0	0	0	0	0	0	0	0	0	0	0	0	0	1	0	0	0	0	8
优惠券	1	1	0	0	3	0	1	0	0	3	0	0	11	0	0	0	1	0	0	0	1	0	0	0	0	0	0	0	4	0	0	0	0	0	0	0	0	0	0	0	11	0	0	0	0	0	0	0	0	1
血液	0	0	0	0	0	0	1	0	1	0	0	0	3	0	4	0	1	0	0	1	0	0	0	0	2	16	0	0	1	0	0	0	0	0	1	0	1	0	0	0	1	0	0	0	2	0	0	0	0	3
集成系统	0	0	0	0	0	3	4	0	0	0	0	2	2	0	3	0	4	1	0	0	0	0	0	0	0	1	0	1	1	7	0	0	0	0	0	0	2	2	0	0	1	0	0	0	0	1	0	0	1	2
权威认证	0	0	0	0	0	1	1	0	1	0	0	0	4	0	2	0	4	0	0	0	0	0	0	0	0	1	0	0	3	8	0	0	0	1	2	0	1	1	0	0	2	0	0	0	0	0	1	1	0	4
冷藏	0	1	0	0	2	1	0	0	0	0	0	0	1	0	4	0	1	0	0	0	0	0	0	9	0	1	0	0	0	0	0	0	0	0	0	0	0	0	0	0	1	0	0	0	14	0	0	1	0	2
匿名	0	0	0	0	0	0	0	0	0	16	0	2	17	0	0	0	1	0	0	0	0	0	0	0	0	1	0	0	0	0	0	0	0	1	0	0	0	0	0	0	0	0	0	0	0	0	0	0	0	0
内置	0	0	0	0	0	0	1	0	0	2	0	1	11	2	2	0	4	0	0	2	5	1	0	0	0	1	0	0	0	0	2	0	0	1	0	0	0	0	0	0	0	0	0	1	0	0	0	0	0	2
创造性	1	0	0	0	1	1	1	1	0	1	0	1	3	3	3	0	3	0	2	2	0	0	0	0	0	0	0	0	1	2	0	0	0	0	0	0	2	0	0	0	1	1	0	1	0	0	1	0	0	6
螺旋	0	0	0	0	1	3	0	0	0	0	0	0	0	0	24	0	0	0	1	0	0	0	0	0	1	1	0	2	0	3	0	0	0	0	0	0	2	0	0	0	0	0	0	0	0	0	0	0	0	0
先进设备	0	0	0	0	0	5	0	0	0	1	0	0	1	0	16	0	2	0	1	0	0	0	0	0	0	2	0	0	0	2	0	0	0	0	0	0	1	0	0	0	1	0	0	0	4	0	1	0	0	2
职场	0	0	0	0	0	0	1	0	1	5	2	0	18	1	0	0	1	4	0	1	0	1	0	0	0	0	0	0	2	0	0	0	0	0	1	0	0	0	0	0	0	0	0	0	0	0	0	0	0	1
重心	0	0	0	0	3	0	1	0	1	0	1	1	7	0	2	0	2	1	4	1	1	1	0	1	0	0	0	0	1	3	0	0	0	0	0	0	0	0	0	1	0	0	0	0	1	0	0	1	0	5
企业主	0	0	0	0	0	0	0	0	0	0	0	0	3	0	0	0	0	0	1	0	0	0	0	0	0	0	0	0	17	0	1	0	0	0	15	0	0	0	0	0	1	0	0	0	0	0	0	0	0	1
只要	0	1	0	0	0	0	2	0	0	3	1	1	15	0	1	0	2	2	0	1	0	0	0	0	0	1	0	0	2	1	0	0	0	0	0	0	0	1	0	0	3	0	0	2	0	0	0	0	0	0
cg	0	0	0	1	0	1	1	0	1	0	0	0	1	4	0	0	4	1	0	6	2	0	0	0	0	0	0	0	0	0	2	0	0	0	0	0	0	2	1	0	2	0	7	0	0	0	0	0	0	3
pp	0	0	0	0	0	0	0	1	0	1	0	0	4	0	7	0	1	1	0	0	1	0	0	0	0	2	0	0	0	3	0	0	0	1	1	0	8	0	0	0	3	0	0	0	1	0	0	0	0	4
教练	1	0	0	1	6	1	0	0	1	1	1	0	8	0	0	0	1	3	0	2	0	5	0	0	0	3	0	0	0	0	0	0	1	0	0	0	0	1	0	0	1	0	0	0	0	0	0	0	0	2
消费卡	0	0	0	0	0	0	0	0	0	0	0	0	20	0	0	0	0	0	0	0	0	0	0	0	0	0	0	0	19	0	0	0	0	0	0	0	0	0	0	0	0	0	0	0	0	0	0	0	0	0
节水	0	0	0	0	2	0	0	0	0	0	0	0	0	0	8	0	0	0	0	0	0	0	0	0	0	0	0	1	0	22	0	0	0	0	0	0	0	0	0	1	2	0	0	0	0	0	0	2	0	1
矿井	0	0	0	0	1	1	2	0	0	0	0	0	1	0	8	1	4	0	1	0	0	0	0	0	0	0	0	1	0	6	0	0	0	1	0	0	0	0	0	0	2	0	0	0	0	0	2	0	2	6
司法	0	0	0	0	0	1	3	0	2	0	0	1	5	0	0	0	14	1	0	0	0	0	0	0	0	0	0	0	1	0	0	0	0	0	1	0	0	0	0	0	1	0	0	0	0	0	0	0	0	9
灯光	0	0	0	0	0	1	1	0	0	0	0	1	0	6	2	0	3	1	1	5	0	0	0	0	0	0	0	0	0	4	1	0	0	0	0	0	0	2	0	1	6	0	1	0	0	0	0	0	0	3
疫苗	0	0	0	0	0	0	0	0	0	0	0	0	0	0	1	0	1	0	0	0	0	0	0	0	2	27	0	0	0	0	0	0	0	0	0	0	0	0	0	0	1	0	0	0	0	0	0	3	0	4
名城	0	0	0	0	1	0	1	0	0	0	0	1	2	0	8	0	1	0	8	0	0	0	0	0	0	0	0	1	2	4	0	0	0	0	2	0	0	0	0	1	2	0	1	0	1	0	0	0	1	2
导游	0	0	1	0	3	1	0	0	0	1	0	0	18	1	0	0	0	0	0	1	0	0	0	0	0	0	0	0	0	0	0	0	8	1	0	0	0	0	0	0	2	0	0	0	0	0	0	0	0	2
艺术家	0	1	1	0	0	0	1	0	0	3	0	2	10	2	1	0	0	0	0	7	1	0	1	0	0	0	0	0	2	0	1	0	0	0	0	0	0	0	0	0	6	0	0	0	0	0	0	0	0	0
论证	0	0	0	0	1	2	2	0	1	0	0	1	1	1	8	0	3	1	2	0	0	0	0	1	0	0	0	0	1	6	0	0	0	1	1	0	1	0	0	0	1	0	0	0	0	1	0	0	0	3
百姓	0	1	0	0	1	0	0	0	0	0	0	2	5	0	0	0	1	0	0	0	0	0	0	0	0	10	1	0	4	1	0	0	0	0	3	0	0	0	0	0	2	0	0	0	1	0	0	1	1	5
远程教育	0	0	0	0	0	0	2	0	0	0	0	0	12	1	0	0	5	13	1	0	0	0	0	0	0	1	0	0	0	0	0	0	0	0	0	0	0	0	0	0	0	0	0	1	0	0	0	1	1	1
病毒	0	0	0	0	1	0	4	0	0	0	0	0	1	0	3	0	5	0	0	0	0	0	0	0	2	12	0	0	1	3	0	0	0	0	0	0	0	0	0	0	1	0	0	0	0	0	0	1	0	5
民航	0	0	0	0	0	0	3	0	1	0	0	0	5	1	7	0	5	0	1	1	0	0	0	1	0	0	0	0	0	3	1	0	0	0	0	0	0	0	0	0	2	0	0	1	1	0	0	0	1	5
近十年	0	0	0	0	0	0	2	0	0	0	0	1	4	1	2	1	5	1	0	0	2	0	0	2	0	4	1	0	0	4	0	0	0	0	0	0	0	0	0	0	2	0	1	0	0	0	1	1	0	4
绿地	0	0	0	0	4	0	0	0	0	0	0	1	1	3	0	0	1	0	5	1	0	0	0	0	0	0	0	0	4	4	2	1	1	0	4	0	0	0	0	2	1	0	0	0	0	0	0	1	0	3
畜牧	1	0	0	0	2	0	1	0	0	0	0	1	0	0	4	0	1	0	1	0	0	0	0	0	0	2	1	0	0	3	0	0	0	0	0	0	0	0	0	0	0	0	0	0	5	0	1	14	0	2
招投标	0	0	0	0	2	0	2	0	0	0	0	0	4	1	2	0	4	0	3	0	0	0	0	0	0	0	0	0	4	0	1	0	0	0	2	0	0	0	0	1	3	0	0	1	0	0	0	0	1	8
大地	0	0	0	0	2	2	0	0	0	0	0	2	2	2	4	0	2	1	3	2	0	1	0	0	0	0	1	0	2	2	0	0	0	0	2	0	2	0	0	1	1	0	0	0	2	0	0	0	0	3
大户	0	0	0	0	2	1	0	0	0	1	0	3	2	0	8	0	0	1	4	0	0	0	0	0	0	4	0	0	1	2	0	0	0	0	0	0	0	0	0	0	0	0	0	0	2	0	0	4	0	4
fda	0	0	0	0	0	0	1	1	0	1	0	0	1	0	3	0	0	0	0	0	0	0	0	0	1	22	0	0	0	2	0	0	0	0	0	0	1	0	0	0	3	0	0	0	1	0	0	1	0	1
fcc	0	0	0	0	1	1	2	0	0	0	0	0	1	0	2	0	3	0	0	0	0	0	0	0	0	2	0	0	0	4	0	0	0	1	0	0	1	2	0	0	14	0	0	0	1	0	0	0	0	4
基建	0	0	0	0	1	0	4	0	1	0	0	1	0	0	4	0	6	0	14	0	0	0	0	0	0	0	0	0	0	2	0	0	0	0	0	0	1	1	0	0	1	0	0	0	0	0	0	0	0	3
探测	0	1	0	0	1	0	1	1	0	0	1	0	1	0	10	1	4	0	0	0	0	0	0	0	0	3	1	1	0	0	0	0	0	0	0	0	0	4	0	0	1	0	0	0	0	0	0	0	3	5
sgs	0	0	0	0	0	3	0	0	0	0	0	0	1	0	7	0	0	0	0	0	0	1	0	0	0	0	0	0	0	5	0	0	0	0	0	0	7	0	0	1	8	0	0	0	0	0	1	1	0	4
基层	0	0	0	0	0	3	2	0	0	0	0	1	7	0	0	0	4	1	0	0	0	0	0	0	2	12	0	0	1	1	0	0	0	0	1	0	0	1	0	0	0	0	0	0	0	0	0	1	0	2
摄像机	0	0	0	1	3	3	5	0	0	1	0	0	2	0	2	1	5	0	0	0	0	0	0	0	0	0	0	0	0	1	0	0	0	0	0	0	0	1	0	0	8	0	1	0	0	0	0	0	2	3
pet	0	0	0	0	0	1	0	0	0	0	0	0	0	0	14	0	0	0	0	0	0	0	0	0	0	2	0	1	0	3	0	0	0	0	0	0	10	0	0	0	0	0	0	0	5	0	1	0	0	2
润滑油	1	0	0	0	1	10	0	0	0	0	1	1	0	0	5	0	1	0	0	0	0	0	0	4	0	0	0	1	0	4	0	0	0	0	0	0	3	0	0	0	1	0	0	0	1	0	1	0	0	4
模具设计	0	0	1	0	0	11	0	0	0	0	0	0	1	0	20	0	1	0	0	0	0	0	0	0	0	0	0	1	0	1	0	0	0	0	0	0	1	0	0	0	0	0	0	0	0	0	0	0	0	2
音响	0	0	0	0	0	0	0	0	0	1	1	1	0	4	4	1	1	0	0	10	0	0	0	0	0	0	0	1	0	0	0	0	1	0	0	0	0	1	0	2	9	0	0	1	0	0	0	0	0	1
面料	1	1	0	0	4	3	0	0	0	0	2	0	2	0	4	0	2	0	1	0	0	0	0	0	0	0	0	0	0	3	0	0	0	0	0	0	3	0	5	2	3	0	0	0	0	0	0	0	0	3
行业软件	0	0	0	0	0	0	14	0	1	0	0	0	7	0	0	0	9	1	1	0	0	0	0	0	0	0	0	0	1	0	0	0	0	1	0	0	0	0	0	0	0	0	0	0	0	0	0	0	0	4
定价	0	1	0	0	3	2	1	0	0	1	2	2	3	0	1	0	3	0	2	1	1	0	0	0	0	0	0	0	1	0	0	0	0	1	1	0	0	1	0	2	6	0	0	0	1	0	0	0	0	3
变速器	0	0	0	0	0	31	0	0	0	0	0	1	0	0	4	1	0	0	0	0	0	0	0	0	0	0	0	0	0	1	0	0	0	0	0	0	0	0	0	0	0	0	0	0	0	0	1	0	0	0
副产品	0	0	0	0	3	0	0	0	0	0	0	0	0	0	2	0	0	0	0	0	0	0	0	0	1	0	0	0	0	11	0	0	0	0	0	0	3	0	0	0	0	0	0	0	11	0	3	3	0	2
国产化	0	0	0	0	0	1	0	0	0	0	0	0	0	0	16	1	3	0	0	0	0	0	0	0	0	1	0	0	0	9	0	0	0	0	0	0	2	2	0	0	0	0	0	0	0	0	1	0	0	3
影片	0	0	0	0	0	0	0	0	0	1	0	0	3	7	0	0	4	1	0	10	0	0	0	0	0	0	0	0	1	0	1	0	1	0	0	0	0	0	0	1	0	0	7	1	0	0	0	0	0	1
寿命	0	0	0	0	2	2	1	0	0	0	0	0	1	0	6	2	1	0	0	0	0	0	0	0	0	1	0	2	0	11	0	0	0	0	0	0	1	1	0	2	2	0	0	0	0	0	1	1	0	2
加工能力	0	0	0	0	0	4	0	0	0	0	0	0	0	1	15	0	1	0	0	0	0	0	1	2	0	0	2	0	0	3	1	0	0	0	0	0	1	1	0	0	0	0	0	0	4	0	1	1	1	0
tmt	0	0	0	0	0	0	0	0	0	0	0	18	6	2	0	0	2	1	1	1	0	0	0	0	0	0	0	0	2	0	2	0	0	0	0	0	0	0	0	0	0	0	0	0	0	0	0	0	0	4
高度重视	0	0	0	0	0	2	1	0	1	0	0	3	2	0	5	0	4	0	2	0	0	0	0	0	0	3	0	0	1	1	0	0	0	0	0	0	1	0	0	2	3	0	0	0	0	0	0	2	0	6
零食	1	6	0	0	5	0	0	0	0	1	2	0	0	0	0	0	1	0	0	1	0	0	0	1	0	0	0	0	0	0	0	0	0	0	0	0	0	0	0	0	9	0	0	0	11	0	0	0	0	1
精加工	0	0	0	0	0	6	0	0	0	0	0	0	0	0	16	0	0	0	0	0	0	0	0	0	0	0	1	2	0	4	0	0	0	0	0	0	2	0	0	0	2	0	0	0	2	0	0	2	0	2
先河	0	1	0	0	1	3	0	2	0	0	0	0	4	0	2	0	0	2	3	1	1	0	0	0	0	3	0	0	1	3	0	0	0	0	1	0	0	0	0	0	2	0	0	0	3	0	0	1	0	5
用户群	0	1	0	0	0	1	2	0	0	3	0	0	20	0	0	0	2	1	0	1	2	0	0	0	0	0	0	0	1	0	0	0	0	1	0	0	0	0	0	0	1	0	0	0	0	0	0	1	0	2
代理服务	0	0	0	0	2	0	0	0	0	0	0	2	1	3	1	0	2	0	6	1	0	0	0	7	0	1	0	0	0	1	2	0	0	0	0	0	1	0	0	0	1	0	0	0	0	0	2	0	0	6
重构	2	0	0	0	1	1	1	0	1	0	2	0	5	1	2	0	6	0	0	1	0	0	0	0	0	2	0	0	0	1	0	0	0	1	0	0	0	0	0	1	4	0	1	1	0	0	0	0	0	6
电视机	0	0	0	0	1	1	1	0	0	0	0	0	7	0	7	1	2	0	0	0	1	0	0	0	0	0	0	0	1	5	1	0	0	0	0	0	1	0	0	0	9	0	0	1	0	0	0	0	0	1
qs	0	0	0	0	0	6	1	1	0	0	0	0	0	0	10	0	0	0	0	0	0	0	0	1	0	2	3	0	0	1	0	0	0	0	0	0	1	0	0	1	0	0	0	0	8	0	1	3	0	1
茶叶	1	1	0	0	2	0	0	0	0	1	0	1	5	0	2	0	0	0	3	0	0	0	0	0	1	2	0	0	1	0	0	0	1	0	0	0	0	0	0	0	2	0	0	0	13	0	0	3	0	1
南路	0	0	0	0	1	0	1	0	0	0	0	3	1	0	4	0	2	0	13	0	0	0	0	0	0	1	0	0	4	3	0	0	0	0	3	0	1	0	0	0	1	0	0	0	1	0	0	0	0	1
属性	0	2	0	0	0	1	1	1	0	1	1	2	16	2	1	0	0	1	1	1	1	0	0	0	0	0	0	0	1	0	1	0	0	0	0	1	0	1	0	0	0	0	0	0	2	0	0	0	0	2
矿产	0	0	0	0	2	0	0	0	0	0	0	7	1	0	3	0	2	0	6	0	0	0	0	0	0	0	0	0	2	12	0	0	0	0	3	0	0	0	0	0	0	0	0	0	0	0	0	0	0	2
经理	0	0	0	0	1	1	0	0	0	2	1	2	12	1	1	1	0	1	0	1	2	0	0	0	0	1	0	0	7	0	0	0	0	0	3	0	0	0	0	0	0	0	0	0	2	0	0	0	0	1
逆变器	0	0	0	0	0	1	0	0	0	0	0	0	0	0	4	0	1	0	0	0	0	0	0	0	0	0	0	1	0	24	0	0	0	0	0	0	0	0	0	0	1	0	0	0	0	0	6	0	0	2
被誉为	0	0	0	0	0	4	1	0	0	0	0	0	3	0	5	0	4	1	3	0	0	0	0	0	0	0	0	0	2	1	0	0	0	0	1	0	2	1	0	1	3	0	0	0	1	0	0	2	0	5
官网	0	3	0	0	1	0	2	0	0	2	1	0	13	0	0	0	1	0	0	1	0	0	0	0	0	1	0	0	2	1	0	0	1	0	1	0	0	0	0	0	7	0	1	0	1	0	0	0	0	1
校企	0	0	1	0	1	0	3	0	0	1	0	0	1	0	5	0	7	4	1	0	0	0	0	1	0	1	0	0	0	2	1	0	0	1	0	1	1	0	0	0	0	0	0	0	0	1	0	1	0	6
学者	0	0	2	0	4	1	4	0	0	0	0	0	2	0	5	1	2	2	1	0	0	0	0	0	0	5	0	1	1	2	0	0	0	0	1	0	1	1	0	0	0	0	0	0	0	0	0	1	0	3
痛点	1	0	0	0	0	2	0	1	2	1	3	1	8	0	0	0	4	0	0	0	0	0	0	0	0	3	0	0	1	1	0	0	0	2	0	0	0	1	0	1	2	0	1	0	0	1	0	0	0	4
政企	0	0	0	0	1	1	4	0	0	0	1	1	4	2	2	0	11	1	1	1	0	0	0	0	0	0	0	0	1	1	1	0	0	2	0	0	0	0	0	0	2	0	0	0	0	0	0	0	0	3
中医	1	0	0	0	2	0	0	1	0	1	1	0	7	1	1	0	1	0	0	0	0	0	0	0	0	18	0	0	1	0	0	0	0	0	0	0	0	0	0	0	2	0	0	0	0	0	0	1	0	2
读者	0	1	0	0	1	0	1	0	0	2	0	0	9	3	1	0	5	1	0	4	0	0	1	0	0	0	0	0	0	0	4	0	0	2	0	0	0	1	0	0	3	0	0	0	0	0	0	0	0	1
超声	1	0	0	0	0	1	0	0	0	1	0	0	2	0	6	0	1	0	0	0	0	0	0	0	1	19	0	1	0	1	0	0	0	0	0	0	0	0	0	0	4	0	0	0	0	0	1	0	0	1
人口	0	0	0	0	2	1	3	0	1	0	0	1	0	0	3	0	6	0	4	0	0	0	0	1	0	4	0	0	0	4	1	0	0	2	0	0	0	0	0	0	2	0	0	1	0	0	1	1	0	2
态势	0	0	0	0	2	1	2	0	0	0	1	1	5	1	1	0	5	0	3	1	0	0	0	1	0	0	0	0	2	2	2	0	0	2	0	0	0	0	0	0	1	0	1	0	0	0	0	0	0	6
账号	0	0	0	0	1	0	1	0	0	3	0	0	18	2	0	0	7	0	0	0	0	0	0	0	0	0	0	0	1	0	1	0	0	0	0	0	0	0	0	0	3	0	0	0	0	0	0	0	0	3
幼儿	0	0	0	0	1	0	0	2	0	1	1	1	8	0	1	0	2	17	0	2	0	1	0	0	0	0	0	0	0	0	0	0	0	0	0	0	0	1	0	0	1	0	0	0	0	0	0	0	0	1
画像	0	0	0	0	0	0	1	0	1	1	0	3	7	2	0	0	5	0	0	0	1	0	0	0	0	0	0	0	0	0	3	0	0	10	0	0	0	0	0	0	1	1	0	0	0	1	0	0	0	3
两端	0	0	0	0	0	1	0	0	0	0	0	1	0	0	0	0	1	0	0	0	0	0	0	0	0	0	0	0	18	0	0	0	0	0	18	0	0	0	0	0	0	0	0	0	0	0	0	0	0	1
如何	0	1	0	0	1	1	1	1	0	1	1	1	10	0	1	1	5	0	1	1	1	0	0	0	0	0	0	0	0	2	1	0	0	2	0	0	0	2	0	0	1	0	0	0	0	0	0	0	0	4
修理	0	0	0	0	2	4	3	0	0	0	0	1	2	0	15	0	4	0	1	0	0	0	0	2	0	0	0	2	0	1	0	0	0	1	0	0	0	0	0	0	0	0	0	0	0	0	1	0	0	1
专用车	0	0	0	0	0	28	0	0	0	0	0	0	1	0	7	0	0	0	0	0	0	0	0	0	0	0	0	0	0	3	0	0	0	0	0	0	0	0	0	0	0	0	0	0	0	0	1	0	0	0
招生	0	0	0	0	1	0	2	0	0	0	0	0	9	0	0	0	5	19	0	0	0	0	0	0	0	0	0	0	0	0	0	0	1	1	0	0	0	0	0	0	0	0	0	0	0	0	0	0	0	2
东路	0	0	0	0	0	2	1	0	0	0	0	4	4	0	3	0	2	0	10	0	0	0	0	0	0	0	0	0	5	3	0	0	0	0	3	0	0	0	0	0	1	0	0	0	0	0	0	0	0	2
corporation	0	0	0	0	1	0	2	0	0	0	1	5	3	1	1	0	6	0	1	2	0	0	1	2	0	2	0	0	0	4	0	0	0	0	0	0	1	1	0	0	2	0	0	0	1	0	1	0	0	2
标的	0	0	0	0	0	1	2	0	0	0	0	18	0	1	1	0	1	0	2	0	0	0	0	0	0	0	0	0	8	0	0	0	0	0	6	0	0	0	0	0	0	0	0	0	0	0	0	0	0	0
水污染	0	0	0	0	2	0	0	0	0	0	0	0	1	0	2	0	1	0	0	0	0	0	0	0	0	1	0	0	0	26	0	0	0	0	0	0	1	0	0	0	1	0	0	0	0	0	0	0	0	5
wan	0	0	0	0	0	0	1	0	0	0	0	0	20	1	0	0	0	0	0	0	1	0	0	0	0	0	0	0	16	0	1	0	0	0	0	0	0	0	0	0	0	0	0	0	0	0	0	0	0	0
区块	0	0	0	0	0	0	1	0	0	2	0	14	0	0	0	0	5	0	1	0	0	0	0	1	0	1	0	0	1	1	0	0	0	6	0	0	0	0	0	0	0	0	0	0	1	1	0	0	1	4
机器学习	0	0	0	0	0	0	1	0	0	0	0	3	3	1	0	0	9	0	0	0	0	0	0	0	0	3	0	0	1	0	1	0	0	9	0	0	0	0	0	0	1	0	0	0	0	4	0	0	2	2
雷达	0	0	1	0	0	5	2	0	0	1	0	1	2	0	7	0	5	0	0	0	0	0	0	0	0	0	0	0	1	1	0	0	0	0	0	0	0	2	0	0	5	0	0	0	0	0	0	0	2	5
总量	0	0	0	0	0	1	0	0	0	1	0	0	5	3	2	0	2	0	7	3	0	0	0	0	0	1	0	0	2	3	1	0	0	1	1	0	1	0	0	0	1	0	1	0	1	0	0	0	0	3
邮件	0	0	0	0	1	0	4	0	0	2	0	0	7	0	1	0	9	0	0	0	0	1	0	0	0	0	0	0	0	0	3	0	0	1	0	0	1	0	0	1	4	0	0	0	0	0	0	0	0	5
补充	0	0	1	0	3	0	1	0	0	0	1	2	5	1	2	0	3	1	3	2	0	0	0	0	0	4	0	0	2	5	0	0	0	0	0	0	0	0	0	0	1	0	0	0	2	0	0	0	0	1
造价	0	0	0	0	2	0	7	0	0	0	0	1	4	0	1	0	3	2	1	0	0	0	0	0	0	0	0	0	0	2	0	0	0	0	0	0	1	0	0	1	0	0	0	0	0	0	0	0	0	15
信得过	0	0	0	0	3	0	0	0	0	0	0	0	2	0	8	0	3	0	2	0	0	0	0	0	0	1	0	1	1	5	0	0	0	1	0	0	2	1	0	0	3	0	0	0	0	0	0	2	1	4
颗粒	0	0	0	0	1	2	0	0	0	0	0	0	0	0	4	0	0	0	0	0	0	0	0	0	3	9	0	1	0	10	0	0	0	0	0	0	3	0	0	1	1	0	0	0	1	0	0	0	0	4
行动	0	0	0	0	1	1	1	0	0	0	0	2	6	2	1	0	3	1	1	0	1	0	0	0	0	1	0	0	1	4	2	0	0	1	0	0	1	0	0	0	1	0	0	1	0	0	0	1	1	6
hr	0	0	0	0	1	1	6	0	1	0	2	1	4	0	0	0	6	0	0	0	0	0	1	0	0	1	0	1	0	0	0	0	0	2	0	5	0	0	0	0	0	0	0	0	0	1	0	0	0	8
工序	0	0	0	0	1	0	0	0	0	0	0	0	0	0	16	0	2	0	0	0	0	0	0	0	0	1	0	0	1	7	0	0	0	0	2	0	2	0	0	1	3	0	0	0	2	0	0	1	0	2
软件工程	0	0	0	0	0	0	18	0	0	0	0	0	2	0	0	0	10	0	0	0	0	0	0	0	0	1	0	0	0	2	0	0	0	1	0	1	0	1	0	0	2	0	0	1	0	0	0	0	0	2
原理	0	0	0	0	0	0	1	2	0	0	0	0	4	0	9	0	3	0	0	1	1	0	0	0	0	2	0	0	3	4	1	0	0	1	1	0	1	1	0	0	2	0	0	1	0	0	0	0	1	2
导师	1	0	0	1	2	0	1	0	0	2	0	3	5	0	4	0	1	4	1	1	1	0	0	0	0	2	0	0	0	3	0	0	0	1	0	1	0	1	0	0	1	0	0	0	0	0	0	1	0	4
司机	0	2	0	0	3	5	0	0	0	0	2	1	12	0	3	0	2	0	0	0	0	0	0	4	0	0	0	0	0	0	0	0	2	1	0	0	1	0	0	0	2	0	0	1	0	0	0	0	0	0
密码	0	0	0	0	0	0	6	0	1	0	0	0	8	0	0	0	13	0	0	0	0	0	0	1	0	0	0	0	4	0	1	0	0	1	0	0	0	0	0	0	3	0	0	0	0	0	0	0	0	3
导演	0	0	0	0	0	0	0	0	0	1	0	0	3	7	2	0	1	0	0	12	0	0	0	0	0	0	0	0	0	0	0	0	2	0	0	0	0	0	0	0	1	0	8	0	1	0	0	0	0	3
各国	1	3	0	0	2	1	0	2	0	0	0	0	5	0	8	0	1	1	0	0	1	0	0	0	0	1	1	0	0	2	0	0	0	0	0	0	1	0	0	0	4	0	0	0	3	0	0	1	0	3
机顶盒	0	0	0	0	0	0	6	0	0	0	0	0	11	0	2	1	5	1	0	1	2	0	0	0	0	0	0	0	0	0	0	0	0	1	0	0	0	0	1	0	6	0	0	1	0	0	0	0	2	1
提供数据	0	1	0	0	1	1	1	0	0	0	0	0	7	0	0	0	11	0	0	2	0	0	0	1	0	0	0	0	1	1	2	0	0	4	0	0	0	0	0	0	1	0	0	1	0	0	0	0	0	6
设备设计	0	0	0	0	0	2	1	0	0	0	0	0	0	0	16	0	1	0	0	0	0	0	0	1	0	1	0	0	0	12	0	0	0	0	0	0	0	0	0	0	0	0	0	0	0	0	0	1	0	6
测控	0	0	0	0	0	2	5	0	0	0	0	0	2	0	12	1	6	0	0	0	0	0	0	0	0	0	0	0	0	2	0	0	0	0	0	0	0	1	0	0	4	0	0	0	0	0	0	1	2	3
因为	0	0	0	0	1	0	1	0	1	1	0	0	3	3	4	0	2	1	0	3	0	0	0	0	1	1	0	0	0	3	2	0	0	0	0	0	0	2	0	0	7	0	0	0	0	0	0	1	0	4
信息处理	0	0	0	0	0	0	3	0	1	0	0	0	7	0	0	1	9	0	0	0	0	0	0	2	0	0	0	0	6	0	1	0	0	0	4	1	0	0	0	0	0	0	1	1	0	0	0	0	1	3
中航	0	0	0	0	0	4	1	0	0	0	0	2	0	0	10	1	3	0	4	0	0	0	0	0	0	2	0	0	0	5	0	0	0	0	0	0	0	2	0	0	6	0	0	0	0	0	0	0	1	0
座椅	0	0	0	0	1	21	1	3	0	0	0	0	0	1	5	0	0	0	0	3	0	1	0	0	0	0	0	0	0	0	0	0	0	0	0	0	0	1	0	1	2	0	0	0	0	0	0	0	0	1
电路板	0	0	0	0	0	0	0	0	0	0	0	1	0	0	3	2	2	0	0	0	0	0	0	0	0	0	0	1	0	3	0	0	0	0	0	0	3	0	0	0	20	0	0	0	0	0	0	0	0	6
；并	0	1	0	0	0	1	5	0	0	0	1	0	5	0	2	1	6	0	2	0	1	0	0	0	0	2	0	0	1	5	0	0	0	1	0	0	0	0	0	0	4	0	0	0	0	0	0	0	1	2
信通	0	0	0	0	0	0	1	0	1	0	1	2	8	0	1	0	7	1	1	0	1	0	0	0	0	0	0	1	4	0	0	0	0	1	4	0	0	0	0	0	1	0	0	1	0	1	0	0	0	4
idg	0	1	0	0	0	0	9	0	0	1	0	4	9	0	0	0	2	0	1	0	2	0	0	0	0	0	0	0	3	0	0	0	0	0	1	0	0	0	0	0	7	0	0	0	0	0	0	0	0	1
cnc	0	0	0	0	0	4	0	0	0	0	0	0	1	0	25	0	3	0	0	0	0	0	0	0	0	0	0	0	0	0	0	0	0	0	0	0	1	0	0	0	3	0	0	0	0	0	0	0	0	4
步伐	0	0	1	0	0	3	0	1	0	0	0	0	5	1	3	1	2	0	3	0	0	0	0	0	0	3	0	0	3	2	1	0	0	1	2	0	1	0	0	0	5	0	0	0	0	0	1	0	0	2
年产量	0	0	0	0	0	6	0	0	0	0	0	0	0	0	19	0	0	0	0	0	0	0	0	0	0	1	0	0	0	4	0	0	0	0	0	0	4	0	0	0	0	0	1	0	3	0	0	2	0	1
同业	0	0	0	0	0	1	0	0	0	0	0	16	3	0	1	0	2	0	0	0	0	0	0	0	0	0	0	0	4	0	0	0	2	1	3	0	0	0	0	0	4	0	0	0	0	0	0	0	0	4
风景	0	0	0	0	3	1	2	0	1	0	1	0	1	0	4	0	0	1	6	1	0	0	0	0	0	3	0	0	0	2	0	0	5	0	0	0	2	0	0	0	2	0	0	0	2	0	0	1	0	3
总代理	0	1	1	0	1	0	3	0	0	0	0	1	2	1	7	0	8	0	1	0	0	0	0	0	0	4	0	0	0	0	1	0	0	0	0	0	1	0	0	0	2	0	0	0	0	0	0	0	0	7
机加工	0	0	0	0	0	15	0	0	0	0	0	0	0	0	21	0	1	0	0	0	0	0	0	0	0	0	0	2	0	2	0	0	0	0	0	0	0	0	0	0	0	0	0	0	0	0	0	0	0	1
生产力	1	0	0	0	1	3	3	0	0	0	0	0	2	1	6	0	3	0	1	1	0	0	0	0	0	0	0	0	1	6	0	0	0	1	0	1	0	0	0	0	4	0	0	0	0	0	0	0	2	5
故障	0	0	0	0	0	3	6	0	0	0	0	0	5	0	3	1	12	0	0	0	0	0	0	0	0	1	0	2	0	0	0	0	0	1	0	0	0	0	0	0	2	0	0	1	0	0	0	0	0	5
巨头	0	1	0	0	2	2	0	0	1	1	0	1	7	0	2	0	5	0	0	0	0	0	0	0	0	2	0	0	0	2	0	0	2	0	0	0	1	1	0	0	4	0	0	0	2	1	1	0	0	4
领衔	0	0	0	0	1	1	1	1	0	0	1	2	5	1	3	0	2	0	1	0	1	0	0	0	1	7	0	0	1	5	1	0	0	1	0	0	0	0	0	0	3	0	0	0	0	1	1	0	0	1
药剂	0	0	0	0	0	0	0	0	0	0	0	0	1	0	6	0	0	0	0	0	0	0	0	0	0	4	0	0	0	22	0	0	0	0	0	0	2	0	0	0	1	0	0	0	0	0	0	2	0	4
咖啡	1	1	0	0	8	0	1	0	0	0	2	2	5	0	1	0	0	0	1	0	0	0	0	0	0	0	0	0	1	0	2	0	1	0	0	0	0	1	0	0	1	0	0	0	9	1	0	0	1	3
化纤	0	0	0	0	3	2	0	0	0	1	0	0	3	0	9	0	1	0	1	0	0	0	0	0	0	0	0	0	1	8	0	0	0	0	1	0	2	0	0	0	2	0	0	0	0	0	1	1	0	6
企业应用	0	0	0	0	0	0	11	0	1	0	0	1	8	0	0	0	10	0	0	0	0	0	0	0	0	0	0	0	2	1	0	0	0	1	0	0	0	0	0	0	0	0	0	0	0	1	0	0	0	6
联运	0	0	0	0	2	1	0	0	0	0	0	1	9	1	0	0	1	0	0	2	4	0	0	9	0	0	0	0	4	0	1	0	0	1	0	0	0	0	0	0	1	0	0	0	0	0	0	0	1	4
快速增长	0	0	0	1	0	2	0	0	0	0	0	2	4	2	2	0	2	1	1	1	0	0	0	1	0	4	0	0	1	1	1	0	0	0	0	0	1	2	1	0	5	0	0	0	0	0	0	0	1	6
负债	0	0	0	0	0	0	0	0	0	0	0	9	1	0	2	0	1	0	20	0	0	0	0	0	0	1	0	0	2	2	0	0	0	0	1	0	0	0	0	0	1	0	0	0	0	0	0	1	0	1
买家	2	0	0	0	1	0	0	0	0	1	0	1	6	0	1	0	2	0	2	1	0	0	0	0	0	0	0	0	0	0	0	0	0	0	0	0	0	0	0	2	18	0	0	0	0	0	0	0	1	4
大专院校	0	0	0	0	2	0	2	0	0	0	0	1	1	0	7	0	2	3	0	0	0	0	0	0	0	3	0	0	0	7	0	0	0	1	0	0	3	0	0	0	1	0	0	0	2	0	0	1	0	6
电磁	0	0	0	0	0	6	1	0	0	0	0	0	0	0	14	0	2	0	1	0	0	0	0	0	0	2	0	1	0	4	0	0	0	0	0	0	3	1	0	0	4	0	0	0	0	0	1	0	0	2
人文	0	1	0	0	2	0	0	1	0	2	0	0	5	2	4	0	1	2	6	2	0	0	0	1	0	2	0	0	1	2	0	0	1	0	1	0	1	0	0	0	3	0	0	0	0	0	0	1	0	1
用房	0	0	0	0	1	2	0	0	1	0	0	2	0	0	5	0	0	0	22	0	0	0	0	2	0	2	0	0	0	2	0	0	0	0	0	0	1	0	0	0	1	0	0	0	0	0	0	0	0	1
国土	0	0	0	0	1	1	8	0	1	0	0	1	6	0	0	0	11	0	1	0	0	0	0	0	0	0	0	0	1	3	0	0	0	1	0	0	0	0	0	0	0	0	0	0	0	0	0	0	0	7
运输车	0	0	0	0	1	20	0	0	0	0	0	0	0	0	13	0	0	0	0	0	0	0	0	4	0	0	0	0	0	2	0	0	0	0	0	0	0	0	0	0	0	0	0	0	0	0	0	0	0	2
海水	0	0	0	0	3	0	0	0	0	0	0	0	0	0	9	0	0	0	0	0	0	0	0	0	0	1	0	0	0	21	0	0	0	0	0	0	0	0	0	1	1	0	0	0	1	0	1	0	0	4
人生	0	0	0	1	3	0	1	0	0	5	1	0	7	1	3	0	1	2	0	3	0	0	0	0	1	4	0	0	2	1	0	0	0	0	1	0	1	0	0	0	1	1	1	0	1	0	0	0	0	0
玉米	0	0	0	0	0	0	0	0	0	0	0	1	3	0	9	0	0	0	0	0	1	0	0	0	0	0	0	0	0	4	0	0	0	0	0	0	0	0	0	0	0	0	0	0	8	0	0	14	0	2
倡导者	0	0	0	0	1	2	4	1	0	0	0	1	4	2	4	0	2	0	0	1	0	0	0	0	0	0	0	0	2	5	0	0	1	0	2	0	2	0	0	0	2	0	1	0	1	0	0	1	0	3
icp	0	0	0	0	1	1	3	0	2	1	0	0	10	0	0	0	13	1	1	0	1	0	0	0	0	0	0	0	0	1	0	0	0	1	0	0	0	0	0	0	2	0	0	0	0	0	0	0	0	4
模板	0	0	1	0	2	0	0	0	1	1	0	0	4	1	5	0	7	0	3	0	0	0	0	0	0	1	0	0	0	3	2	0	0	0	0	0	0	0	0	0	2	0	0	0	0	0	0	0	0	9
位置服务	0	0	0	0	0	3	3	0	0	2	0	0	20	0	1	0	6	0	0	0	0	0	0	0	0	0	0	0	1	0	0	0	0	2	0	0	0	1	0	0	1	0	0	1	0	0	0	0	0	1
外围设备	0	0	0	0	2	1	1	0	0	0	1	5	5	0	2	0	12	1	1	0	1	0	0	0	0	0	0	0	1	1	0	0	0	0	0	0	0	0	0	1	3	0	0	1	0	0	0	0	0	3
农作物	0	1	0	0	2	0	0	0	0	0	0	1	1	0	1	0	0	0	1	0	0	0	0	0	0	2	1	1	0	5	0	0	0	1	0	0	3	0	0	0	0	0	0	0	3	1	2	15	0	1
燃油	0	0	0	0	0	16	0	0	0	0	0	0	1	0	10	0	0	0	0	0	0	0	0	0	0	0	0	0	0	11	0	0	0	0	1	0	0	0	0	0	0	0	0	0	0	0	1	0	1	1
观光	0	0	0	0	1	0	0	0	0	0	1	2	3	1	8	0	0	0	5	3	0	0	0	0	0	0	0	0	0	0	0	0	10	0	0	0	0	1	0	1	1	0	0	0	3	0	1	1	0	0
少儿	0	0	1	0	0	0	2	2	0	0	1	0	6	5	0	0	0	16	0	5	0	0	0	0	0	0	0	0	1	0	1	0	0	0	0	0	0	0	0	0	1	0	1	0	0	0	0	0	0	0
期限	0	0	0	0	0	2	0	0	1	0	0	8	0	0	2	1	1	0	4	0	0	0	0	1	0	0	0	0	8	3	0	0	0	0	8	0	0	0	0	1	0	0	0	0	0	0	0	0	0	2
ups	1	0	0	0	1	2	1	0	1	0	0	0	3	0	3	0	6	0	0	0	0	0	0	2	0	0	0	1	0	6	0	0	0	2	0	0	0	0	0	0	4	0	0	0	0	0	4	0	1	4
本金	0	0	0	0	0	0	0	0	0	0	0	2	0	0	0	0	0	0	0	0	0	0	0	0	0	0	0	0	21	0	0	0	0	0	19	0	0	0	0	0	0	0	0	0	0	0	0	0	0	0
利税	0	0	0	0	2	2	0	0	0	0	0	1	0	0	15	0	1	0	4	0	0	0	0	1	0	3	0	0	0	6	0	0	0	0	0	0	1	0	0	1	0	0	0	0	2	0	0	2	0	1
the	0	0	0	1	2	0	2	0	0	2	2	1	9	0	1	0	4	1	1	1	2	0	0	0	0	2	0	0	0	3	1	0	0	0	0	0	0	1	0	0	0	0	3	0	2	0	0	0	1	0
途径	0	2	0	0	0	0	0	0	0	1	1	0	7	1	2	0	1	1	1	1	0	0	0	0	1	1	0	0	6	3	0	0	0	0	4	0	1	0	0	1	2	0	1	0	0	0	0	0	0	4
改变传统	2	1	0	0	0	0	1	0	1	0	0	0	7	0	3	0	3	4	0	0	0	1	0	0	0	0	0	0	0	2	0	0	1	0	0	0	0	0	0	1	5	0	0	0	1	0	1	3	2	3
金山	0	0	0	0	1	1	2	0	0	0	0	0	11	2	1	0	3	1	2	2	0	0	0	1	0	0	0	0	0	6	1	0	1	1	0	0	0	0	0	1	1	0	1	1	0	0	1	0	0	2
客运	0	0	0	0	5	12	0	0	0	0	0	0	3	1	2	0	4	0	2	0	0	0	0	2	0	0	0	0	0	0	1	0	9	0	0	0	0	0	0	0	0	0	0	1	0	0	0	0	0	1
而来	0	0	0	0	1	1	1	0	0	2	0	3	5	0	7	0	3	0	4	0	0	0	0	1	0	1	0	1	2	3	0	0	0	0	2	0	1	0	0	0	2	0	0	0	3	0	0	0	0	0
vc	0	0	0	0	0	0	1	0	0	0	1	8	12	0	1	0	0	3	1	0	2	0	0	0	0	0	0	0	5	1	0	0	0	0	3	0	0	0	0	0	4	0	0	0	0	0	0	0	0	1
激情	0	0	0	0	2	0	1	0	0	1	1	0	9	1	2	0	2	0	1	2	4	1	0	0	0	2	0	0	0	0	0	0	0	1	0	0	2	0	0	0	6	0	0	0	0	0	0	1	0	4
界面	0	0	0	0	1	0	2	0	0	2	0	0	14	0	1	0	5	1	0	0	3	0	0	0	0	0	0	1	1	1	2	0	0	0	0	0	1	0	0	0	3	0	0	2	0	0	0	0	1	2
财政	0	0	0	0	1	1	3	0	0	0	0	5	1	0	2	0	12	1	0	0	0	0	0	0	0	0	0	0	1	2	0	0	0	1	0	0	1	0	0	0	1	0	0	0	0	0	0	0	0	11
圈子	0	0	1	0	1	0	0	0	0	12	0	0	23	0	1	0	0	0	0	0	0	0	0	0	0	0	0	0	3	0	0	0	0	0	0	0	0	0	0	0	0	1	0	0	0	0	0	0	0	1
伺服	0	0	1	0	0	1	1	0	0	0	0	0	0	0	21	1	2	0	0	0	0	0	0	0	0	0	0	4	0	1	0	0	0	0	0	0	0	0	0	0	4	0	0	0	0	0	0	0	0	7
亚太地区	0	0	1	0	1	0	3	0	0	0	1	2	4	0	5	0	4	2	2	0	1	0	1	1	0	2	0	0	2	1	0	0	0	1	1	0	0	0	0	0	2	0	0	0	1	0	0	0	1	4
拆解	0	0	0	0	0	0	0	0	0	0	0	0	0	0	7	0	0	0	0	0	0	0	0	0	0	0	0	1	0	33	0	0	0	0	0	0	0	0	0	0	0	0	0	0	0	0	1	0	0	1
氧化	0	0	0	0	0	1	0	0	0	0	0	0	0	0	9	1	0	0	0	0	0	0	0	0	0	1	0	0	0	22	0	0	0	0	0	0	2	0	0	0	2	0	0	0	0	0	1	0	0	4
措施	0	0	0	0	1	0	1	0	1	0	0	0	1	0	4	0	2	0	2	0	0	0	0	1	0	2	0	0	8	3	0	0	0	0	6	0	3	0	0	0	1	0	0	0	0	0	0	0	0	7
保密	0	0	0	0	0	0	5	0	1	0	0	0	6	0	5	1	12	0	0	0	0	0	0	0	0	0	0	0	2	0	0	0	0	1	0	0	1	0	0	0	1	0	0	0	0	0	0	0	4	4
革新	0	0	1	0	1	0	3	0	0	0	1	0	6	1	6	0	2	1	1	1	1	0	0	0	0	2	0	0	0	4	0	0	0	0	0	0	1	1	0	0	3	0	1	0	1	0	1	0	0	4
父母	1	0	0	0	0	0	0	6	0	0	1	0	8	2	0	0	0	7	0	3	0	0	0	0	0	2	0	0	0	0	0	0	0	0	0	0	0	2	0	0	6	0	1	0	1	0	0	2	0	1
大会	0	1	0	0	2	0	1	0	0	0	0	1	7	3	2	0	4	1	1	3	0	0	0	0	0	1	0	1	0	0	3	0	0	1	0	0	0	1	0	0	3	0	0	0	0	0	0	0	0	7
分行	0	0	0	0	0	0	1	0	0	0	0	9	4	1	0	0	5	0	3	1	0	0	0	0	0	0	0	0	9	0	0	0	0	1	6	0	1	0	0	0	1	0	0	0	0	0	0	0	0	1
柴油	0	0	0	0	1	9	0	0	0	0	0	0	0	0	8	0	0	0	0	0	0	0	0	0	0	0	0	1	0	14	0	0	0	0	0	0	3	0	0	0	1	0	0	0	0	0	3	0	0	3
观众	0	0	0	0	0	0	0	0	0	0	0	0	7	10	0	0	0	0	0	10	2	1	0	0	0	0	0	0	0	0	1	0	1	0	0	0	0	0	0	0	1	0	9	0	1	0	0	0	0	0
横向	0	0	0	0	1	3	1	0	1	1	0	0	6	2	1	0	8	0	1	2	1	0	0	1	0	0	0	0	0	3	0	0	0	0	0	0	0	1	0	0	2	0	1	0	1	0	1	1	0	4
兼职	1	0	0	0	1	0	0	0	0	1	1	1	15	0	0	0	2	1	1	0	0	0	0	0	0	0	0	0	3	1	0	0	0	1	2	7	0	0	0	0	3	0	0	1	0	0	0	0	0	1
大街	0	0	0	0	0	0	1	0	0	1	0	4	9	1	0	0	5	0	9	0	1	0	0	0	0	0	0	0	3	2	1	0	0	1	2	0	0	0	0	0	1	0	0	0	0	0	0	0	0	2
辅料	1	1	0	0	1	0	0	0	0	0	1	1	1	0	4	0	0	0	0	0	0	0	0	2	0	11	0	0	0	2	0	0	0	0	0	0	4	0	0	2	7	0	0	0	2	0	0	0	0	3
网民	0	1	0	0	4	0	1	0	0	2	0	0	15	1	0	0	3	1	1	3	0	0	0	0	0	1	0	0	2	0	1	0	0	1	1	0	0	0	0	0	4	0	1	0	0	0	0	0	0	1
计费	0	0	0	0	0	0	1	0	0	1	0	1	15	1	0	0	10	0	0	1	0	0	0	0	0	0	0	0	2	1	3	0	0	0	0	0	0	0	0	0	0	0	0	1	0	0	1	0	2	4
颗粒剂	0	0	0	0	0	0	0	0	0	0	0	0	0	0	1	0	0	0	0	0	0	0	0	0	2	37	0	0	0	0	0	0	0	0	0	0	0	0	0	0	0	0	0	0	0	0	0	1	0	3
啤酒	0	0	0	0	2	0	0	0	0	0	2	1	3	1	10	0	1	0	2	0	0	0	0	0	0	1	0	1	0	1	1	0	0	0	0	0	0	0	0	0	1	0	0	1	12	0	0	0	0	4
专控	0	0	0	0	2	4	3	0	0	0	0	8	0	0	0	0	8	0	5	0	0	0	0	2	0	3	0	0	0	0	0	0	0	0	0	0	0	0	0	0	1	0	0	0	0	0	0	0	0	8
温度	0	0	0	0	1	3	1	0	0	0	0	2	2	0	9	0	1	0	0	0	0	0	0	2	0	4	0	0	1	4	0	0	0	0	0	0	0	2	0	2	3	0	0	0	2	0	0	0	1	4
生态链	0	2	1	3	0	0	3	0	0	0	3	2	6	0	0	0	2	0	0	0	1	0	0	1	0	0	0	0	4	1	1	0	0	3	3	0	0	2	0	0	2	0	0	0	0	0	0	0	0	4
体验式	0	1	0	1	1	2	0	0	0	0	3	1	7	1	0	0	2	3	2	3	1	1	0	0	0	1	0	0	1	0	3	0	0	0	0	0	0	1	0	1	2	0	0	0	1	0	0	0	0	5
底层	0	0	0	1	0	1	4	0	0	0	0	3	7	0	3	0	7	1	4	1	0	0	0	0	0	1	0	0	1	0	0	0	0	2	0	0	0	1	0	1	1	0	0	0	0	0	0	0	0	5
日化	1	1	0	0	4	1	0	0	0	0	0	0	0	1	7	0	2	0	0	0	0	0	0	0	1	10	0	0	0	3	2	0	0	1	0	0	0	0	0	0	1	0	0	0	1	0	0	0	1	7
中美	0	0	0	1	0	3	2	0	0	0	0	3	5	0	7	0	3	2	0	1	1	0	0	0	0	6	0	0	0	2	0	0	0	3	0	0	1	0	0	0	3	0	0	0	0	1	0	0	0	0
幼教	0	0	0	0	1	0	2	0	0	1	0	0	9	2	1	0	4	18	0	1	0	0	0	0	0	0	0	0	1	0	0	0	0	0	0	0	0	1	0	0	0	0	0	0	0	1	0	0	0	2
欧元	0	0	0	0	1	7	1	0	0	1	1	2	1	0	16	1	2	0	0	0	0	0	0	0	0	1	0	0	2	4	0	0	0	0	0	0	0	0	0	0	0	0	0	0	0	0	1	0	0	3
数据管理	0	0	0	0	1	0	6	0	1	0	0	0	7	1	1	0	11	0	0	0	0	0	1	0	0	0	0	0	1	0	2	0	0	4	0	0	0	1	0	0	0	0	0	1	0	0	0	0	0	6
精工	0	0	0	0	0	4	0	0	0	0	0	2	1	0	20	0	2	0	0	0	0	0	0	0	0	0	0	1	0	5	0	0	0	0	0	0	1	1	0	0	4	0	0	0	0	0	0	0	0	3
大气	0	0	0	0	2	1	2	0	0	0	0	0	0	0	2	0	2	0	2	0	0	0	0	0	0	1	0	0	0	22	0	0	0	0	0	0	1	2	0	0	1	0	0	0	0	0	0	0	1	5
介质	0	0	0	0	0	0	1	0	0	0	0	0	3	0	7	0	1	0	0	0	0	0	0	0	0	4	0	2	1	7	0	0	0	0	0	0	4	0	0	1	3	1	0	0	0	0	1	0	0	8
氛围	0	0	1	0	0	0	3	0	0	1	1	1	9	0	1	0	2	2	2	1	0	0	0	0	0	1	2	0	3	1	0	0	1	0	1	0	1	0	0	0	4	0	0	0	1	0	0	0	1	4
正版	0	0	0	0	0	0	2	0	0	0	1	0	14	5	0	0	1	0	0	9	3	1	0	0	0	0	0	0	0	0	0	0	0	0	0	0	0	0	0	0	2	1	3	1	0	0	0	0	0	1
用户数	0	0	0	0	0	0	4	0	0	2	1	0	16	1	0	0	4	1	1	1	2	0	0	1	0	0	0	0	1	0	2	0	0	1	0	0	0	0	0	0	4	0	0	0	0	0	0	0	0	2
集聚	1	0	0	0	1	2	0	0	0	0	0	4	2	1	3	0	1	0	3	1	1	0	0	1	0	2	0	0	5	3	1	0	0	2	5	0	1	0	0	0	0	0	0	0	2	0	0	0	0	2
典范	0	0	0	0	1	2	3	0	0	0	0	0	4	1	5	0	1	0	8	1	0	0	0	0	0	1	0	0	4	4	0	0	1	0	0	0	2	0	0	1	2	0	0	0	1	0	1	0	0	1
邮政	0	0	0	0	1	1	5	0	2	0	0	1	7	0	2	0	9	0	0	0	0	0	0	2	0	0	0	1	5	0	0	0	0	0	0	0	0	0	0	0	0	0	0	0	0	0	0	0	2	6
区内	0	0	0	0	1	2	0	0	0	0	0	1	2	0	7	0	3	1	10	0	0	0	0	0	0	0	0	0	3	5	0	0	0	0	2	0	0	1	0	0	4	0	0	0	0	0	0	0	0	2
磨床	0	0	0	0	0	3	0	0	0	0	0	0	0	0	32	0	0	0	0	0	0	0	0	1	0	0	0	0	0	1	0	0	0	0	0	0	0	0	0	0	0	0	0	0	0	0	1	0	1	5
这样	1	0	0	0	0	1	1	0	0	2	1	0	7	0	4	1	4	0	1	1	0	0	0	0	0	2	0	0	1	2	1	0	0	2	1	0	1	0	0	0	4	0	0	0	0	0	1	1	0	4
节点	0	0	0	0	1	0	3	0	0	1	0	0	7	0	1	0	7	0	0	1	0	0	0	6	0	0	0	0	0	1	0	0	0	4	0	0	0	1	0	0	2	0	1	2	0	0	0	1	0	6
holdings	0	1	0	0	2	2	1	1	0	0	0	11	6	0	1	0	1	0	7	0	0	0	0	1	0	4	0	0	2	1	1	0	0	0	0	0	0	0	0	1	1	0	0	0	1	0	0	0	0	0
主机厂	0	0	0	0	1	24	0	0	0	0	0	0	1	0	10	0	3	0	1	0	0	0	0	1	0	0	0	0	0	0	0	0	0	0	0	0	0	0	0	0	1	0	0	0	0	0	0	0	0	3
蓄电池	0	0	0	0	0	3	2	0	0	0	0	0	1	0	6	0	2	0	0	0	0	0	0	0	0	0	0	0	0	16	0	0	0	1	0	0	2	1	0	0	5	0	0	0	0	0	5	0	0	1
有机肥	0	0	0	0	3	0	0	0	0	0	0	0	0	0	3	0	0	0	0	0	0	0	0	1	0	0	0	0	0	11	0	0	0	0	0	0	0	0	0	0	0	0	0	0	7	0	2	12	0	6
参数	0	0	0	0	0	1	1	0	0	1	0	1	5	0	9	0	3	1	0	0	0	0	0	0	0	4	0	0	1	5	0	0	0	0	1	0	0	1	0	0	6	0	0	0	0	0	1	0	2	2
营业额	0	0	0	0	4	2	1	0	1	0	0	2	7	0	3	0	3	1	4	1	0	0	0	2	0	1	0	0	2	3	0	0	1	0	1	0	1	0	0	0	1	0	0	0	1	0	0	0	0	3
乐园	0	0	0	0	3	0	2	3	0	0	0	0	9	1	2	0	1	6	0	6	3	0	0	0	0	0	0	0	4	0	0	0	2	0	0	0	0	1	0	0	1	0	1	0	0	0	0	0	0	0
积极开展	0	0	0	0	1	2	1	0	0	0	0	4	4	2	2	0	4	2	1	2	0	0	0	0	0	2	0	0	1	6	1	0	1	1	1	0	1	0	0	0	1	0	0	0	1	0	1	0	0	3
发达国家	0	0	0	0	0	2	1	0	0	0	0	0	0	0	9	0	3	0	0	0	0	0	0	0	0	3	0	0	2	8	0	0	0	0	2	0	5	0	0	1	0	0	0	1	2	0	0	0	0	6
课件	0	0	1	0	0	1	7	0	1	1	0	1	13	0	0	0	2	15	0	0	0	0	0	0	0	0	0	0	0	0	0	0	0	1	0	0	0	0	0	0	0	0	0	1	0	0	0	0	0	1
人物	0	0	1	1	3	0	1	0	0	2	0	0	10	5	0	0	3	0	1	3	1	0	0	0	0	1	0	0	2	0	1	0	0	1	1	0	1	1	0	0	1	0	2	0	2	0	0	0	0	1
因特网	0	1	0	0	0	0	3	0	3	0	1	0	13	1	0	0	11	0	0	0	0	0	0	0	0	0	0	0	0	0	0	0	0	3	0	0	0	1	0	0	2	0	0	1	0	0	0	0	0	5
兄弟	0	1	3	1	1	0	0	0	0	1	1	0	11	2	2	0	1	1	1	3	1	0	0	0	0	0	0	0	3	1	1	0	0	0	2	0	0	1	1	0	1	0	4	0	0	0	0	0	0	1
信息采集	1	0	0	0	2	1	12	0	0	0	0	0	2	0	2	0	7	0	0	0	0	0	0	2	0	0	0	0	2	0	0	0	0	1	1	0	1	3	0	0	0	0	0	1	0	0	0	0	1	6
精度	0	0	0	1	1	4	0	0	0	0	0	0	1	0	21	3	2	0	0	0	0	0	0	0	0	0	0	0	0	0	0	0	0	1	0	0	0	3	1	0	4	0	0	0	0	0	0	0	1	2
委员	0	0	0	0	0	2	1	0	0	1	0	1	2	0	8	0	4	1	0	0	0	2	0	0	0	5	0	0	2	1	0	0	0	0	1	1	1	1	0	0	1	0	0	0	0	0	1	0	1	8
篮球	0	0	0	0	1	0	0	0	0	2	1	1	12	1	1	0	0	3	1	2	3	16	0	0	0	0	0	0	0	0	0	0	0	0	0	0	0	0	0	0	0	0	1	0	0	0	0	0	0	0
作者	0	0	0	0	0	0	2	0	0	5	0	1	12	5	0	0	2	2	0	10	1	0	0	0	0	0	0	0	1	0	0	0	0	0	0	0	0	0	0	0	0	0	3	0	0	0	0	0	0	1
需求方	0	0	0	0	0	0	0	0	1	0	0	1	4	1	0	0	2	0	0	1	0	0	0	0	0	0	0	0	16	0	2	0	0	2	14	0	0	0	0	0	0	0	0	0	0	0	0	0	0	1
鞋帽	2	4	0	0	1	0	2	0	0	0	3	2	4	0	3	1	3	0	2	2	0	1	0	0	0	3	0	0	1	0	0	0	0	0	0	0	0	0	1	1	5	0	0	0	0	0	0	0	0	4
情感	0	1	0	0	0	0	1	0	0	7	2	0	14	3	0	0	2	0	0	5	0	0	0	0	0	1	0	0	1	0	0	0	0	0	0	0	0	0	0	0	4	1	1	0	0	0	0	0	0	2
风云	0	1	0	0	0	0	1	0	0	0	0	0	18	4	0	0	1	0	0	2	2	1	0	0	0	0	0	0	11	0	0	0	0	0	0	0	0	0	0	0	1	0	2	0	0	0	0	0	0	1
计算机软件	0	0	0	0	1	0	12	0	2	0	1	2	3	0	2	0	10	1	0	0	0	0	0	0	0	2	0	0	3	0	0	0	0	0	0	0	0	1	0	0	1	0	0	0	1	0	0	0	0	3
实收	0	0	0	0	0	1	0	0	0	0	0	4	2	0	3	0	0	0	3	0	0	0	0	0	0	0	0	0	18	0	0	0	0	0	14	0	0	0	0	0	0	0	0	0	0	0	0	0	0	0
成像	0	0	1	1	0	0	2	0	0	1	0	0	3	0	7	1	6	0	0	0	0	0	0	0	0	9	0	0	0	0	0	0	0	0	0	0	1	0	0	0	5	0	0	0	0	1	0	0	0	7
变速箱	1	0	0	0	0	26	0	0	0	0	1	0	0	0	15	0	0	0	0	0	0	0	0	0	0	0	0	0	0	1	0	0	0	0	0	0	0	0	0	0	1	0	0	0	0	0	0	0	0	0
硅片	0	0	0	0	0	0	0	0	0	0	0	0	0	0	11	0	0	0	0	0	0	0	0	0	0	0	0	0	0	22	0	0	0	0	0	0	4	1	0	0	3	0	0	0	0	0	3	0	0	1
光源	0	0	0	0	1	1	0	0	0	0	0	0	1	0	15	0	0	0	0	0	0	0	1	0	0	2	0	1	0	11	0	0	0	0	0	0	0	1	0	2	7	0	0	0	0	0	0	1	0	1
bi	0	0	0	0	1	0	5	0	2	0	0	0	8	1	0	0	12	1	0	0	0	0	0	0	0	3	0	0	1	0	1	0	0	7	0	0	0	0	0	0	0	0	0	0	0	0	0	0	0	4
kv	0	0	0	0	1	1	0	0	0	0	0	0	0	0	21	1	1	0	1	0	0	0	0	1	0	0	0	2	0	4	0	0	0	0	0	0	0	0	0	1	1	0	0	0	0	0	2	0	0	9
要素	0	0	0	0	1	0	0	0	0	1	0	2	6	3	1	0	5	2	0	0	1	1	0	0	0	5	0	2	0	3	2	0	0	1	0	0	1	0	0	0	1	0	0	0	1	0	0	0	0	7
胶囊	0	0	0	0	0	0	0	0	0	1	0	0	1	0	2	0	0	0	0	0	0	0	0	0	3	31	0	0	0	0	1	0	0	0	0	0	0	0	0	0	2	0	0	0	3	0	0	0	0	2
卡车	0	1	0	0	0	23	1	0	1	0	1	1	2	0	11	0	0	0	0	0	0	0	0	1	0	0	0	0	0	0	0	0	0	0	0	0	0	0	0	0	0	0	0	0	0	0	0	0	2	2
领袖	0	1	0	0	2	0	1	0	0	1	0	1	9	4	2	0	3	1	1	2	0	1	0	0	0	1	0	0	1	0	2	0	0	0	1	0	1	0	0	0	2	0	1	0	1	1	0	1	0	5
技术装备	0	0	1	0	2	3	0	0	0	0	0	0	0	0	13	0	6	0	2	0	0	0	0	0	0	1	0	0	0	6	0	0	0	0	0	0	2	0	0	0	0	0	0	0	2	0	1	0	0	7
飞行	0	0	0	1	0	2	1	0	0	0	1	0	3	1	16	1	2	1	0	2	2	0	0	0	0	1	0	1	0	1	1	0	1	1	0	0	0	4	0	0	0	0	0	0	0	1	0	0	0	2
化肥	2	1	0	0	1	0	0	0	1	0	0	3	1	0	5	0	0	0	0	0	0	0	1	2	0	1	0	1	0	11	0	0	0	0	0	0	2	0	0	0	1	0	0	0	4	1	0	7	0	1
只有	0	2	0	0	1	1	1	0	0	2	0	0	6	3	3	0	1	0	1	0	0	0	0	0	0	0	1	0	5	0	1	0	1	0	4	0	2	0	0	0	4	0	1	0	0	0	2	2	0	2
印染	0	1	0	0	1	0	1	0	0	0	0	0	0	0	7	0	1	0	1	0	0	0	0	0	0	0	0	0	0	28	0	0	0	0	0	0	1	1	0	0	1	0	0	0	0	0	0	0	0	3
底盘	0	0	0	0	0	38	0	0	0	0	0	0	0	0	7	0	0	0	0	0	0	0	0	0	0	0	0	0	0	0	0	0	0	0	0	0	0	0	0	0	0	0	0	0	0	0	0	0	0	1
用药	0	0	0	0	0	0	1	0	0	0	0	0	4	0	2	0	0	0	0	0	0	0	0	0	2	30	0	0	0	0	0	0	0	1	0	0	0	0	0	0	0	0	0	0	1	0	0	0	0	5
葡萄酒	1	3	0	0	1	0	0	0	0	1	3	1	6	1	2	0	0	0	0	0	0	0	0	1	0	0	2	0	0	0	0	0	0	0	0	0	0	0	0	0	7	0	0	1	15	0	0	1	0	0
四方	1	0	0	0	0	4	0	0	0	0	0	0	3	1	5	2	5	0	1	0	1	0	0	5	0	1	0	0	5	3	1	0	1	0	2	0	0	0	0	0	4	0	0	0	0	0	0	0	0	1
用电	0	0	0	0	2	1	4	0	0	0	0	1	3	0	4	1	7	0	0	0	0	0	0	0	0	0	0	0	0	4	0	0	0	1	0	0	0	1	0	0	9	0	0	1	0	0	1	0	0	6
代号	0	0	0	0	1	2	4	0	0	0	0	5	2	0	4	0	1	0	18	0	0	0	0	0	0	0	0	0	1	7	0	0	0	0	0	0	0	0	0	0	0	0	0	0	0	0	0	0	0	1
浪潮	0	0	0	0	0	1	1	0	2	0	0	1	5	3	5	0	8	0	0	1	0	0	0	0	0	0	0	0	1	0	1	0	0	3	1	0	1	1	0	0	1	1	0	2	0	0	0	0	1	6
彩信	0	0	0	0	1	0	1	0	0	2	0	0	25	0	0	0	5	0	0	1	0	1	0	0	0	0	0	0	3	0	0	0	0	0	1	0	0	0	0	0	2	0	0	1	0	0	0	0	0	3
评审	0	0	0	0	1	2	2	0	0	0	0	1	3	0	7	1	2	0	1	1	0	0	1	0	0	2	0	0	5	4	0	0	1	0	4	0	1	1	0	0	1	0	0	0	1	0	0	0	0	4
热水器	0	0	0	0	0	0	0	0	0	0	0	0	1	0	9	0	0	0	0	0	0	0	0	0	0	0	0	0	0	22	0	0	0	0	0	0	1	0	0	0	3	0	0	0	0	0	5	0	0	5
领导品牌	1	0	0	0	1	1	4	0	0	0	0	0	5	0	8	0	2	4	1	0	0	1	0	0	0	2	0	0	1	2	1	0	0	0	0	0	0	0	0	1	1	0	0	0	2	0	0	0	1	7
契机	0	1	0	0	2	2	2	0	0	0	2	2	4	2	2	0	4	0	3	1	0	0	0	0	0	1	0	0	2	2	2	0	0	0	0	0	1	0	0	1	1	0	0	0	0	0	1	0	0	8
浏览器	0	0	0	2	0	0	7	0	0	0	0	0	18	1	0	0	8	0	0	2	4	0	0	0	0	0	0	0	0	0	1	0	0	0	0	0	0	0	0	0	1	0	0	0	0	0	0	0	0	2
结构化	0	0	0	0	1	0	3	1	1	0	1	3	8	0	0	0	7	0	0	0	0	0	0	0	0	3	0	0	4	0	0	0	0	8	2	0	0	0	0	0	1	0	0	1	0	1	0	0	0	1
切割机	0	0	0	0	0	4	0	0	0	0	0	0	0	0	30	0	0	0	0	0	0	0	0	0	0	0	0	0	0	4	0	0	0	0	0	0	0	0	0	1	2	0	0	0	0	0	1	0	0	4
近百	0	0	0	0	2	1	1	0	0	0	0	0	4	0	8	0	7	2	4	0	0	0	0	0	0	2	0	0	0	5	0	0	0	1	0	0	1	0	0	0	1	0	0	0	0	0	1	0	3	3
经纪人	3	0	0	0	0	1	0	0	0	2	3	2	11	2	0	0	2	0	7	3	0	0	0	0	0	0	0	0	2	0	1	0	0	0	1	0	0	0	0	0	2	0	2	0	0	0	0	1	0	1
风机	0	0	0	0	0	2	0	0	0	0	0	0	0	0	16	0	1	0	0	0	0	0	0	0	0	0	0	3	0	19	0	0	0	0	0	0	0	0	0	0	0	0	0	0	0	0	1	0	1	3
检索	0	1	0	0	0	0	3	0	0	2	0	1	12	0	0	0	9	1	0	0	0	0	0	0	0	3	0	0	0	0	0	0	0	3	0	0	0	0	0	0	2	0	0	1	0	0	0	0	1	7
所在	1	0	0	0	3	3	1	0	0	1	2	0	10	1	2	0	2	2	1	0	0	1	1	0	0	2	0	0	0	1	1	0	0	0	0	0	1	0	0	0	2	0	1	0	2	0	0	0	0	5
前景	0	1	0	0	1	1	3	0	0	0	0	2	9	1	3	1	3	1	2	1	0	0	0	0	0	2	0	1	1	5	0	0	0	0	0	0	1	0	0	1	1	0	0	1	1	0	0	0	0	3
供货商	0	0	0	0	1	4	4	0	0	0	0	0	1	0	12	1	3	0	2	0	0	0	0	2	0	2	0	0	1	4	0	0	1	0	1	0	1	0	0	0	1	0	0	0	3	0	0	1	0	1
食用	0	1	0	0	0	0	0	1	0	0	1	2	1	0	2	1	2	0	0	0	0	0	0	1	0	6	1	0	0	1	0	0	0	0	0	0	0	0	0	0	1	0	0	0	18	0	0	1	0	6
不断扩大	0	0	0	0	2	1	2	0	0	0	1	1	4	0	5	1	6	2	1	0	0	0	0	0	0	3	0	0	1	3	0	0	0	0	0	0	1	0	0	1	1	0	0	0	3	0	1	1	0	5
体育场馆	0	0	0	0	0	0	1	0	0	2	0	1	4	2	1	0	4	0	6	6	0	9	0	0	0	1	0	0	0	1	0	0	0	0	0	0	0	0	0	3	4	0	0	1	0	0	0	0	0	1
年代	2	0	0	0	1	3	1	0	0	0	1	1	4	1	10	0	1	0	5	3	1	0	0	0	0	0	0	0	0	4	0	0	0	0	0	0	0	0	0	0	0	0	2	0	5	0	0	0	0	2
页面	0	2	0	0	1	0	2	0	0	7	0	1	20	0	0	0	4	1	0	0	3	0	0	0	0	0	0	0	0	0	0	0	0	0	0	0	0	0	0	0	5	0	0	0	0	0	0	0	0	1
旅游业	0	1	0	0	0	0	2	0	0	1	0	9	6	1	0	0	1	0	10	0	0	0	0	0	0	0	0	0	1	0	1	0	5	1	1	0	1	0	0	0	1	0	0	0	0	0	0	1	0	4
繁育	0	0	0	0	3	0	0	0	1	0	0	0	0	0	0	0	0	0	0	0	0	0	0	0	0	4	0	0	0	4	0	0	0	0	0	0	0	0	0	0	0	0	0	0	13	0	0	20	0	2
岗位	0	0	0	0	2	0	0	0	0	0	0	1	12	0	4	0	3	1	2	0	1	0	0	1	0	1	0	0	1	3	0	0	0	1	1	2	0	0	0	0	1	0	0	0	0	0	0	2	0	8
视听	0	1	0	0	0	0	3	0	0	0	0	0	12	2	3	0	5	1	0	2	1	0	0	0	0	0	0	0	0	1	0	0	0	0	0	0	0	1	1	0	5	0	2	0	0	0	0	0	2	5
各种规格	0	0	0	0	0	5	0	0	0	0	0	0	0	0	23	0	0	0	0	0	0	0	0	0	0	2	0	0	0	10	0	0	0	0	0	0	2	1	0	0	2	0	0	0	1	0	0	0	0	1
集约化	1	0	0	0	3	2	0	0	0	0	2	1	5	3	1	0	1	1	2	1	0	0	0	1	0	2	0	0	4	3	0	0	0	0	1	1	0	0	0	0	1	0	1	0	6	0	0	4	0	0
一样	0	0	2	0	2	1	2	0	0	1	1	1	13	0	1	0	2	2	0	2	0	1	0	0	0	1	0	0	1	0	1	0	2	0	2	0	1	1	0	1	3	0	0	0	0	0	0	0	0	3
认知	0	0	0	0	0	1	2	0	0	1	0	1	10	1	2	0	0	6	1	4	0	0	0	0	0	4	0	1	0	0	1	0	0	2	0	0	0	3	1	0	0	0	0	0	0	2	0	0	1	3
登记证	0	0	0	0	0	1	5	0	3	0	1	1	7	1	1	0	10	2	0	0	0	0	0	1	0	3	0	0	1	0	1	0	0	0	0	0	0	1	0	0	3	0	0	0	0	0	0	0	0	5
汽配	1	1	0	0	2	21	0	0	0	0	2	1	3	1	4	1	1	0	0	0	0	0	0	0	0	0	0	1	0	2	0	0	0	0	0	0	0	0	0	0	3	0	0	0	1	0	0	0	0	2
管线	0	0	0	0	1	0	2	0	0	0	0	2	1	0	11	1	9	0	0	0	0	0	0	0	0	2	0	1	0	6	0	0	0	1	0	0	1	0	0	1	1	0	0	0	1	0	1	0	0	5
dsp	0	0	0	0	0	0	2	0	0	1	0	0	7	8	2	0	9	0	0	1	0	0	0	0	0	0	0	0	0	0	8	0	0	2	1	0	0	0	0	0	2	0	0	1	0	0	0	0	0	3
sdk	0	0	0	2	0	0	6	0	0	0	0	0	15	2	0	0	5	0	0	1	2	0	0	0	0	0	0	0	1	0	1	0	0	1	0	0	0	2	0	0	2	0	0	2	0	0	0	0	0	5
余款	0	1	0	0	1	1	3	0	0	0	0	0	17	0	3	0	2	0	0	0	4	0	0	0	0	2	0	0	2	3	0	0	0	0	0	0	1	1	0	0	1	0	0	0	2	0	0	0	1	2
手续	0	0	0	0	1	3	0	0	0	0	0	2	0	0	0	0	1	0	3	0	0	0	0	3	0	1	0	0	12	1	1	0	0	0	9	1	0	0	0	1	1	0	0	0	0	0	0	0	0	7
lng	1	0	0	0	0	2	1	0	0	0	0	1	1	0	20	1	1	0	0	0	0	0	0	0	0	0	0	0	0	10	0	0	0	0	0	0	0	0	0	0	1	0	0	0	0	0	3	0	1	4
定义	0	0	1	0	2	1	1	0	0	1	1	1	10	0	1	2	7	1	0	1	1	0	0	0	0	1	0	0	0	1	0	0	0	0	0	0	1	0	0	0	2	0	0	0	0	1	0	0	3	7
森林	0	0	0	0	1	1	3	0	1	0	0	1	3	2	3	0	7	0	1	0	1	0	0	0	0	0	0	0	1	4	0	0	2	0	0	0	1	0	0	0	6	0	1	0	2	1	0	0	1	4
农药	1	0	0	0	1	0	0	0	0	0	0	1	1	0	4	0	0	0	0	0	0	0	1	0	2	6	0	1	0	8	0	0	0	0	0	0	4	1	0	0	1	0	0	0	5	0	0	10	0	0
中小学生	0	0	1	0	0	0	2	0	0	1	0	0	15	0	0	0	1	23	0	1	0	0	0	0	0	0	0	0	0	0	0	0	0	0	0	0	0	0	0	0	1	0	0	0	0	0	0	0	0	2
目前为止	0	0	0	0	1	0	2	0	1	0	0	1	6	1	5	1	5	1	1	0	2	0	0	2	0	0	0	0	2	7	0	0	0	0	1	0	1	0	0	0	1	0	0	1	0	0	1	0	0	4
外资	0	0	0	0	0	8	2	0	0	0	0	7	5	0	6	1	2	1	1	0	1	0	0	0	0	1	0	0	0	5	0	0	0	0	0	0	0	0	0	0	1	0	0	0	1	0	0	0	0	5
变频	0	0	0	0	0	5	1	0	0	0	0	0	1	0	18	1	0	0	0	0	0	0	0	0	0	0	0	1	0	12	0	0	0	0	0	0	0	1	0	0	5	0	0	0	0	0	2	0	0	1
积极参与	0	0	0	0	1	0	3	0	0	0	0	2	5	0	2	0	5	2	7	1	1	0	0	0	0	1	0	0	0	9	0	0	0	0	0	0	0	0	0	0	3	0	0	0	1	0	1	0	0	4
sz	0	0	0	0	0	4	3	0	0	0	0	2	0	0	12	0	3	0	6	2	0	0	0	0	0	1	0	1	2	3	0	0	0	0	1	0	1	1	0	0	2	0	2	0	0	0	0	0	0	2
各自	0	1	0	0	1	0	2	0	0	1	1	2	7	1	1	0	5	0	4	0	2	0	0	0	0	0	0	0	5	1	0	0	1	1	5	1	0	0	0	1	2	0	1	0	0	0	0	0	0	2
股本	0	0	0	0	1	3	3	0	0	0	0	12	3	0	2	0	3	0	8	1	0	0	0	0	0	0	0	0	3	3	0	0	0	0	0	0	1	0	0	1	0	0	0	0	1	0	0	0	1	2
置地	0	0	0	0	1	0	0	0	0	0	0	1	0	0	0	0	0	0	42	0	0	0	0	0	0	0	0	0	0	0	0	0	0	0	0	0	0	0	0	3	0	0	0	0	1	0	0	0	0	0
和平台	0	0	0	0	0	0	1	0	0	0	1	4	13	0	1	0	9	2	0	0	1	0	0	1	0	2	0	0	2	0	0	0	0	1	2	1	0	0	0	1	0	0	1	0	0	0	0	0	0	5
绝缘	0	0	0	0	1	0	1	0	0	0	0	0	1	0	15	1	2	0	0	0	0	0	0	0	0	0	0	1	1	1	0	0	0	0	1	0	8	0	0	0	6	0	0	0	0	0	1	0	1	7
角度	0	0	0	0	3	1	3	0	0	1	0	1	6	3	3	0	3	0	2	1	1	0	0	1	0	1	1	0	2	1	2	0	0	0	0	0	0	1	0	0	5	0	0	0	0	0	0	0	0	6
记账	0	0	0	0	0	0	1	0	0	0	0	8	4	1	0	0	3	1	0	0	0	0	0	0	0	0	0	0	16	0	0	0	0	1	2	0	0	0	0	0	0	0	0	0	0	0	0	1	0	10
主力	0	0	0	0	3	2	2	0	0	1	0	2	8	0	1	0	4	0	7	1	2	0	0	1	0	1	0	0	2	1	0	0	0	1	1	0	0	1	0	0	3	0	0	0	1	0	0	0	0	3
paas	0	0	0	0	0	0	2	0	2	0	0	0	5	0	0	0	11	0	0	0	0	0	0	0	0	1	0	0	0	0	0	0	0	4	0	1	0	0	0	0	1	0	0	8	0	0	0	0	2	11
人力	0	0	0	0	2	1	3	1	1	0	0	3	5	0	2	0	6	0	0	0	0	0	1	1	0	1	0	0	0	1	1	0	0	1	0	1	0	0	0	0	3	0	1	1	2	1	0	0	0	9
铸件	0	0	0	0	0	10	0	0	0	0	0	0	0	0	29	1	0	0	0	0	0	0	0	0	0	0	0	2	0	4	0	0	0	0	0	0	1	0	0	0	0	0	0	0	0	0	0	0	0	1
人体	0	0	0	1	2	0	2	0	0	0	0	0	0	0	3	1	0	0	0	0	0	1	0	0	1	24	0	0	0	1	0	0	0	1	0	0	0	3	1	0	4	0	0	0	1	0	0	1	0	1
事件	0	0	0	0	0	0	3	0	0	3	0	2	12	4	1	0	2	1	1	5	0	1	0	0	0	0	0	0	0	1	4	0	0	0	0	0	0	0	0	0	1	0	0	1	0	0	0	0	1	5
经营性	1	0	0	0	2	3	0	0	0	0	0	7	2	1	2	0	2	0	2	3	0	0	0	0	0	0	0	0	6	4	0	0	0	0	6	0	1	0	0	1	2	0	0	0	0	0	0	0	0	3
强势	0	1	0	0	2	0	0	1	1	2	1	0	7	6	1	0	0	0	0	3	1	0	0	2	1	2	0	0	1	2	4	0	0	0	1	0	1	0	0	0	5	0	0	0	1	0	0	0	0	2
电压	0	0	0	0	0	1	4	0	0	0	0	0	0	0	14	2	2	0	1	0	0	0	0	0	0	0	0	1	0	6	0	0	0	0	0	0	0	1	0	1	9	0	0	0	0	0	0	0	0	6
源头	1	1	0	0	1	0	0	0	0	0	1	0	4	1	2	0	1	0	0	3	0	0	0	0	0	3	0	1	2	4	0	0	0	0	2	0	0	0	0	0	1	0	1	0	8	0	1	5	0	5
大奖	0	0	0	0	2	0	1	1	0	1	1	1	6	3	1	0	4	1	5	3	0	0	0	0	0	0	0	0	0	1	2	0	0	1	0	1	0	3	0	0	3	0	1	1	0	0	1	0	0	4
各种类型	0	0	0	0	1	1	2	0	0	0	0	1	8	0	12	2	3	0	1	0	0	1	0	0	0	0	0	0	3	5	1	0	0	0	0	0	0	0	0	1	3	0	0	0	0	0	0	0	0	3
投标	0	0	0	0	0	0	0	0	0	0	0	4	2	0	0	0	2	0	2	0	0	0	0	2	0	1	0	0	12	2	0	0	0	0	9	0	0	0	0	2	1	0	0	0	0	0	1	0	1	7
特许	0	0	0	0	2	1	1	0	0	0	0	5	2	2	4	0	2	0	1	1	0	1	0	0	0	1	0	0	1	14	1	0	0	0	0	0	0	0	0	0	3	0	0	0	1	0	0	0	0	5
international	0	0	0	0	2	4	1	1	0	0	0	8	3	1	8	0	2	0	1	1	0	2	0	0	0	2	0	0	2	2	0	0	0	1	1	0	1	0	0	1	3	0	0	0	0	0	0	0	0	1
门票	0	1	1	0	1	0	0	0	0	0	1	0	17	2	0	1	1	0	1	4	0	0	0	0	0	0	0	0	2	0	0	0	10	0	0	0	0	0	0	0	6	0	0	0	0	0	0	0	0	0
站点	0	0	0	0	2	1	0	0	0	3	1	0	22	0	0	0	5	0	0	1	2	0	0	0	0	0	0	0	2	0	0	0	0	1	1	0	0	1	0	0	2	0	0	0	0	0	0	1	0	3
卖家	1	0	0	0	2	0	0	0	0	3	2	0	14	0	0	0	4	1	1	1	0	0	1	0	0	0	0	0	1	0	0	0	0	0	0	0	0	0	0	0	13	0	0	0	0	0	0	0	0	4
密封	0	0	0	0	1	4	0	0	0	0	0	0	0	0	22	1	1	0	0	0	0	0	0	0	0	0	0	1	0	6	0	0	0	0	0	0	4	0	0	0	4	0	0	0	0	0	2	0	0	2
检查	0	0	0	0	1	0	3	0	0	0	0	0	4	0	3	0	4	1	1	0	0	0	0	1	0	16	0	0	2	1	0	0	0	0	1	0	0	1	0	0	4	0	0	1	0	0	0	0	1	3
变压器	0	0	0	0	1	2	0	0	0	0	0	0	1	0	15	4	2	0	1	0	0	0	0	1	0	0	0	2	0	4	0	0	0	0	0	0	1	1	0	0	8	0	0	0	0	0	2	0	0	3
行车	0	0	0	0	3	11	0	0	0	1	0	1	7	0	7	0	2	0	0	0	0	0	0	0	0	0	0	0	0	2	0	0	0	0	1	0	0	3	0	0	7	0	0	0	0	0	0	0	0	4
屏幕	0	0	0	0	0	2	4	0	0	3	0	0	6	2	1	1	5	0	0	2	1	1	0	0	0	0	0	0	0	0	4	0	0	0	0	0	1	5	1	0	5	0	0	0	0	1	0	0	1	3
审查	0	0	0	0	1	4	4	0	1	0	0	0	4	1	1	0	2	0	1	1	1	0	0	0	1	2	0	0	6	2	0	0	0	0	5	0	0	1	0	0	4	0	1	0	0	0	0	0	0	6
显示屏	0	0	1	0	1	0	3	0	0	0	0	0	3	3	3	2	3	0	0	0	0	0	0	0	0	0	0	0	0	3	2	0	0	0	0	0	1	1	0	0	17	0	0	0	0	0	0	0	1	5
瓶颈	0	0	0	1	1	0	3	0	0	1	1	1	5	0	2	0	8	0	0	0	0	0	0	0	0	1	0	0	8	4	0	0	0	1	6	0	0	0	1	0	2	0	0	0	0	0	0	0	0	3
系列化	0	0	0	0	1	2	3	0	0	0	1	0	2	1	10	0	5	0	2	1	1	0	0	0	0	4	0	0	0	5	0	0	0	0	0	0	2	1	0	0	4	0	0	0	1	0	0	0	0	3
工贸	0	1	1	0	0	4	0	0	0	0	1	1	4	0	14	0	3	1	3	0	0	0	0	3	0	0	0	0	1	4	0	0	0	0	1	0	3	0	0	0	1	0	0	0	0	0	0	0	1	2
七大	0	0	0	0	1	1	1	0	0	2	0	0	5	0	5	1	5	1	0	2	0	0	0	0	0	1	0	1	0	3	0	0	1	0	0	0	3	0	0	0	6	0	1	1	2	0	0	1	0	5
多晶硅	0	0	0	0	0	0	0	0	0	0	0	0	0	0	8	0	0	0	2	0	0	0	0	0	0	0	0	0	0	32	0	0	0	0	0	0	2	0	0	0	0	0	0	0	0	0	5	0	0	0
城区	1	0	0	0	5	0	0	0	0	0	0	1	2	0	3	0	1	0	15	2	0	1	0	2	0	0	0	0	0	6	0	0	2	0	0	0	0	0	0	0	3	0	0	0	2	0	0	0	0	3
互联网络	0	0	0	0	0	0	2	0	0	1	0	1	20	0	0	0	6	2	0	1	2	0	0	0	0	0	0	0	3	0	1	0	0	1	1	0	0	0	0	1	1	0	0	2	0	0	0	0	0	4
地带	0	0	0	0	2	2	2	0	1	0	0	1	5	0	6	0	2	0	5	1	1	0	0	0	0	1	0	0	6	3	0	0	0	0	4	1	1	0	0	0	1	0	0	0	1	0	0	0	0	3
网关	0	0	0	0	0	0	5	0	1	1	1	0	10	0	2	0	13	0	0	0	0	0	0	0	0	0	0	0	3	0	0	0	0	3	1	0	0	0	1	0	2	0	0	0	0	0	0	0	3	3
蒸汽	1	0	0	0	6	0	0	0	0	0	0	0	0	0	13	1	0	0	0	0	0	0	0	0	0	1	0	0	0	17	0	0	0	0	0	0	1	0	0	0	1	0	0	0	1	0	5	0	2	0
人机交互	0	0	0	2	1	0	4	0	0	0	0	0	4	0	5	1	7	3	0	0	0	1	0	0	0	2	0	1	0	1	0	0	0	1	0	0	0	4	2	0	5	0	0	0	0	3	0	0	0	2
市民	0	0	0	0	3	0	1	0	0	1	0	3	12	0	0	0	4	0	1	0	0	2	0	0	0	1	0	0	9	2	0	0	0	1	1	0	0	0	0	0	4	0	1	0	1	0	0	0	0	2
isp	0	0	0	0	1	0	2	0	2	1	1	0	11	0	0	0	13	0	1	0	1	0	0	0	0	0	0	0	0	0	0	0	0	1	0	1	0	0	0	0	3	0	1	1	0	0	0	0	0	9
数据传输	0	0	0	0	1	1	8	0	0	0	0	0	16	0	2	0	7	1	0	0	0	0	0	0	0	1	0	0	3	1	0	0	0	1	0	0	0	0	0	0	1	0	0	0	0	0	0	0	2	4
全额	0	0	0	0	0	1	1	0	0	0	0	4	3	0	1	1	1	0	2	0	1	0	0	0	0	0	0	0	15	2	0	0	0	0	14	1	0	0	0	0	2	0	0	0	0	0	0	0	0	0
java	0	0	0	0	0	1	3	0	0	0	0	0	23	0	0	0	6	3	0	1	9	0	0	0	0	0	0	0	2	0	0	0	0	0	0	0	0	0	0	0	0	0	0	0	0	0	0	0	0	1
心理	0	0	0	0	4	0	1	4	0	3	2	0	15	0	1	0	1	8	0	2	0	0	0	0	0	4	0	0	0	0	1	0	0	1	0	0	0	0	0	0	0	0	0	0	0	0	0	0	0	2
胶囊剂	0	0	0	0	0	0	0	0	0	0	0	0	0	0	1	0	0	0	0	0	0	0	0	0	4	41	0	0	0	0	0	0	0	0	0	0	0	0	0	0	0	0	0	0	0	0	0	0	0	3
动作	0	0	1	0	0	0	3	0	0	1	0	0	16	0	2	0	4	0	0	4	9	0	0	0	0	0	0	0	1	0	1	0	0	0	0	0	0	1	0	0	2	0	3	0	0	0	0	0	0	1
热水	0	0	0	0	4	0	0	0	0	0	0	1	0	0	5	0	1	0	1	0	0	0	0	1	0	0	0	1	0	20	0	0	0	0	0	0	1	0	0	0	1	0	0	0	0	0	7	0	0	6
总装	0	0	0	0	0	18	0	0	0	0	0	0	0	0	18	2	3	0	0	0	0	0	0	0	0	0	0	0	0	2	0	0	0	0	0	0	0	0	0	0	1	0	0	0	0	0	2	0	0	3
央行	0	0	0	0	0	0	1	0	0	0	0	6	17	0	1	0	0	0	0	0	0	0	0	0	0	0	0	0	19	0	0	0	0	0	3	0	0	0	0	0	1	0	0	0	0	0	0	0	0	1
宝贝	0	1	0	0	4	0	1	3	0	4	0	1	14	1	0	0	0	2	0	4	1	0	0	0	0	0	0	0	2	0	0	0	0	0	1	0	0	0	0	0	9	0	1	0	1	0	0	0	0	0
ge	0	0	0	0	2	1	0	0	1	0	0	1	1	0	15	0	1	0	1	0	0	0	0	1	0	0	0	1	2	7	0	0	0	1	0	0	1	1	0	0	5	0	0	0	0	0	1	0	1	6
景点	0	1	0	0	1	0	2	0	0	4	1	1	17	0	1	0	0	0	1	3	0	0	0	0	0	0	0	0	1	0	0	0	13	0	0	0	0	0	0	0	3	1	0	0	0	0	0	0	0	0
酒类	0	4	0	0	3	0	0	0	0	0	2	0	4	1	1	0	2	0	2	0	0	0	0	1	0	2	0	0	2	0	2	0	0	0	2	0	1	0	0	0	5	0	0	0	11	0	0	0	0	5
下一代	0	0	1	1	0	0	2	0	0	0	0	1	11	1	2	0	10	3	0	0	0	0	0	0	0	1	0	0	1	2	0	0	0	1	0	0	0	0	0	1	3	0	0	1	1	2	0	0	0	5
月经	0	0	0	0	3	1	2	0	0	1	0	7	3	0	2	0	1	0	6	1	0	0	0	0	0	1	0	0	7	2	0	0	0	1	6	0	0	0	0	0	1	0	0	0	1	0	1	0	0	3
饮食	1	1	0	0	2	0	2	0	0	0	2	1	9	1	1	0	2	0	0	2	0	0	0	0	0	5	0	0	1	0	0	0	1	1	1	0	0	0	0	0	1	0	0	0	13	0	0	0	0	3
二等奖	0	0	1	0	0	2	2	0	0	0	0	0	3	1	11	0	8	0	0	0	0	0	0	0	0	2	0	0	0	8	0	0	0	0	0	0	3	0	0	0	1	0	1	1	2	0	1	0	1	2
编程	0	0	0	1	0	0	2	0	0	0	0	0	11	2	6	0	9	9	0	2	2	1	0	0	0	0	0	0	0	1	0	0	0	0	0	0	0	0	0	0	0	0	0	0	0	0	0	0	0	4
发展潜力	1	0	1	0	1	3	1	0	0	0	1	1	5	2	6	1	4	1	2	1	1	0	0	0	0	2	0	1	1	3	1	0	1	0	1	0	1	0	0	0	3	0	0	0	0	0	0	1	0	3
给予	0	1	0	0	1	2	0	1	0	0	0	2	8	0	3	0	4	0	1	1	0	0	0	0	0	0	0	0	8	2	0	0	0	0	7	1	0	0	0	0	4	0	0	0	1	0	0	1	0	2
水产品	0	0	0	0	4	1	1	0	0	0	1	4	1	0	4	0	2	0	1	0	0	0	0	1	0	1	4	0	0	4	0	0	1	0	0	0	0	0	0	0	0	0	0	0	13	0	0	4	0	3
人事	0	0	0	0	3	0	4	0	0	1	0	1	10	1	1	0	7	1	1	0	1	0	1	1	0	1	0	0	1	0	0	0	0	0	0	2	0	0	0	1	1	0	1	0	0	0	0	0	0	10
网络产品	0	1	0	0	0	0	4	0	1	2	0	1	8	0	3	1	16	1	1	1	0	0	0	0	0	0	0	0	2	0	0	0	0	0	0	0	0	0	0	0	1	1	0	1	0	0	0	0	0	5
前瞻性	0	0	0	0	0	2	5	1	1	0	0	0	6	2	0	0	7	2	1	2	0	1	0	0	0	1	0	0	0	3	1	0	0	1	0	0	0	2	0	0	4	0	0	0	0	0	1	0	0	7
教材	0	0	1	0	2	0	2	0	0	2	0	0	8	8	0	0	2	18	0	1	0	0	0	0	0	1	0	0	0	0	0	0	0	0	0	0	0	0	0	0	1	0	1	0	0	1	0	0	0	2
正品	2	4	0	0	1	1	0	1	0	0	4	0	9	0	0	0	0	0	0	0	0	0	0	0	0	1	0	0	0	0	0	0	0	0	0	0	0	0	0	1	23	0	0	0	1	0	0	1	0	1
蓝牙	0	0	0	0	1	2	1	0	0	1	0	1	7	0	2	1	6	0	0	0	0	0	0	0	0	1	0	1	0	0	0	0	0	0	0	0	0	7	1	0	9	0	0	0	0	0	1	0	5	3
管材	0	0	0	0	0	2	0	0	0	0	0	0	0	0	24	0	0	0	1	0	0	0	0	0	0	0	0	1	0	10	0	0	0	0	0	0	7	0	0	1	3	0	0	0	0	0	0	0	0	1
成长型	0	0	0	1	0	0	2	0	0	0	0	4	2	1	8	0	3	0	1	1	0	0	0	0	0	3	0	0	2	3	3	0	1	0	1	0	2	0	0	0	4	0	0	0	0	0	0	1	1	6
热能	0	0	0	0	1	0	1	0	1	0	1	0	0	0	8	1	0	0	0	0	0	0	0	0	0	1	0	0	0	28	0	0	0	0	0	0	1	0	0	0	0	0	0	0	0	0	5	0	0	2
华夏	0	0	0	0	1	3	2	0	0	0	0	4	5	0	5	0	6	1	6	1	1	0	0	0	0	1	0	0	5	0	0	0	0	0	0	0	1	0	0	0	2	0	2	0	2	0	0	1	0	1
蛋白	0	0	0	0	0	0	0	0	0	0	0	0	0	0	2	0	0	0	0	0	0	0	0	0	0	32	0	0	0	0	0	0	0	0	0	0	0	0	0	0	0	0	0	0	10	0	0	4	0	2
教育软件	0	0	0	0	0	0	7	0	0	0	1	1	11	0	0	0	5	14	1	1	1	0	0	0	0	1	0	0	1	0	0	0	0	1	0	0	0	0	0	0	1	0	0	1	0	0	0	0	0	3
造型	1	0	1	0	3	8	0	2	0	1	0	0	3	3	9	0	1	0	0	5	0	0	0	0	0	1	0	0	0	1	1	0	0	0	0	0	0	1	0	1	2	0	2	0	0	0	0	1	0	3
工人	0	0	1	0	1	5	0	0	0	0	0	0	4	0	13	0	1	0	1	0	0	1	0	0	0	1	0	1	1	7	0	0	0	0	1	1	0	1	1	0	2	0	0	1	0	0	1	0	0	6
tv	0	0	0	0	1	0	0	0	0	1	0	1	16	2	3	0	4	1	0	3	2	0	0	0	0	1	0	0	1	2	1	0	0	1	0	0	0	2	0	0	4	0	0	0	0	0	0	0	0	5
to	0	0	0	0	0	1	0	0	0	1	2	3	8	0	1	0	3	0	1	0	1	0	0	0	0	0	0	0	9	1	0	0	0	0	9	0	0	1	0	1	7	0	0	0	0	0	0	0	1	1
卫视	0	0	0	0	0	0	0	0	0	0	1	0	7	10	0	0	2	0	0	15	1	0	0	0	0	0	0	0	0	0	2	0	0	0	0	0	0	0	0	0	3	0	9	0	0	0	0	0	0	1
国电	0	0	0	0	1	0	0	0	0	0	0	1	2	0	4	0	3	0	0	0	0	0	0	0	0	0	0	0	0	29	0	0	0	1	1	0	0	1	0	0	3	0	0	0	0	0	1	0	0	4
工装	0	0	0	1	2	14	0	0	0	0	0	0	0	0	23	0	1	0	0	0	0	0	0	0	0	0	0	0	0	3	0	0	0	0	0	0	0	0	0	3	1	0	0	0	0	0	0	0	0	3
图形	0	0	1	0	0	2	6	0	1	1	0	0	11	2	6	0	8	0	1	2	1	0	0	0	1	0	0	0	1	1	0	0	1	2	0	0	0	0	0	0	1	0	0	0	1	0	0	0	0	1
粮油	2	3	0	0	5	0	0	0	0	0	1	2	4	0	2	0	1	0	0	0	0	0	0	2	0	0	0	0	0	1	0	0	0	0	0	0	0	0	0	0	4	0	0	0	20	0	0	3	0	1
铣床	0	0	0	0	0	5	0	0	0	0	0	0	0	0	39	1	1	0	0	0	0	0	0	2	0	0	0	0	0	0	0	0	0	0	0	0	0	0	0	0	1	0	0	0	0	0	0	0	0	2
效应	1	0	0	0	1	0	0	0	0	1	0	2	4	1	1	0	3	0	1	2	0	1	0	2	0	3	0	1	4	5	3	0	1	1	1	0	0	0	0	1	1	0	0	0	1	0	0	1	0	8
负责人	0	0	0	0	1	1	0	0	0	7	0	1	20	0	1	0	4	0	0	0	2	0	0	0	0	2	0	0	3	1	0	0	0	0	2	0	1	0	0	0	2	0	0	0	1	0	0	0	0	2
文学	1	0	0	0	1	0	0	0	0	4	0	1	21	4	0	0	0	1	0	8	4	0	0	0	0	0	0	0	0	0	1	0	0	1	0	0	0	0	0	0	1	0	2	0	0	1	0	0	0	0
手术	0	0	0	0	3	0	0	0	0	0	0	0	0	0	7	0	1	0	0	0	0	0	0	0	1	33	0	0	0	0	0	0	0	0	0	0	0	2	0	0	1	0	0	0	0	0	0	0	0	3
本部	0	0	0	0	1	10	2	0	1	0	0	1	4	0	4	0	5	1	5	0	1	0	0	0	0	0	0	1	1	6	0	0	0	1	1	0	0	0	0	0	4	0	0	0	0	0	1	0	0	1
单体	0	0	0	0	1	4	0	0	1	0	1	0	2	0	6	1	2	0	5	1	0	0	0	1	1	4	0	0	1	5	0	0	0	1	1	0	2	0	0	2	3	0	0	0	0	0	1	1	0	4
vip	0	1	0	0	1	2	1	0	1	0	1	1	10	1	0	0	0	3	0	3	1	0	0	1	0	4	0	0	4	2	1	0	2	0	2	0	1	0	0	0	4	0	0	0	1	0	0	0	1	2
婚庆	0	0	0	0	10	1	0	0	0	2	2	1	12	0	2	0	0	0	1	5	0	1	0	0	0	0	0	0	0	0	1	0	3	0	0	0	0	0	0	0	6	0	0	0	1	0	0	0	0	3
开拓者	0	0	0	1	2	3	2	0	0	0	1	0	8	2	2	0	6	0	1	3	1	0	1	0	0	1	0	1	1	3	1	0	0	1	1	0	0	0	0	1	1	0	1	0	1	2	0	0	0	3
触摸屏	0	0	0	0	1	0	1	0	0	0	0	0	6	0	9	1	3	0	0	0	1	0	0	0	0	0	0	1	0	1	0	0	0	0	0	0	4	3	1	0	16	0	0	0	0	0	0	0	1	3
双赢	0	0	0	0	0	0	1	0	1	0	0	1	4	3	2	0	1	0	1	3	0	0	0	1	0	1	0	0	10	4	2	0	0	0	9	0	1	0	0	0	4	0	0	0	0	0	0	1	0	2
内部管理	1	0	0	0	2	0	2	0	5	0	0	0	4	0	5	0	8	1	1	1	0	0	0	2	0	0	0	0	4	3	0	0	1	0	2	0	0	0	0	0	1	0	0	0	0	0	0	0	1	8
激励	0	0	0	0	2	0	4	0	0	3	1	5	8	0	3	0	3	3	0	1	0	0	0	0	0	1	0	0	3	1	1	0	1	0	0	1	1	0	0	0	0	1	0	0	0	0	1	0	0	8
检修	0	0	0	0	1	3	3	0	1	0	0	0	1	0	11	1	2	0	2	0	0	0	0	0	0	0	0	2	0	10	0	0	0	0	0	0	0	0	0	0	1	0	0	0	0	0	5	0	1	8
game	0	0	0	0	0	0	0	0	0	2	0	0	28	0	0	0	0	0	0	1	9	0	0	0	0	0	0	0	12	0	0	0	0	0	0	0	0	0	0	0	0	0	0	0	0	0	0	0	0	0
消息	0	0	0	0	0	0	4	0	0	6	0	1	20	1	1	0	3	0	1	1	0	0	0	0	0	1	0	0	1	0	0	0	0	1	1	0	0	0	0	0	0	1	0	2	0	0	0	1	1	5
传奇	0	0	0	0	0	1	0	0	0	0	0	1	19	0	0	0	0	1	1	1	7	1	0	0	0	1	0	0	6	0	0	0	0	1	0	0	0	0	0	1	4	0	3	1	1	0	0	0	0	2
html	0	0	1	0	0	1	2	0	0	2	0	0	26	0	0	0	2	3	0	1	10	0	0	0	0	0	0	0	1	0	1	0	1	1	0	0	0	0	0	0	0	0	0	0	0	0	0	0	0	0
还为	0	0	0	0	0	2	5	0	0	2	0	1	8	0	4	0	4	1	1	1	0	1	0	0	0	0	0	0	5	2	2	0	2	0	2	0	2	0	0	0	2	1	0	0	0	0	0	0	0	4
示范区	0	0	0	0	0	0	10	0	0	0	0	1	5	0	3	0	7	0	5	0	0	0	0	0	0	3	0	0	0	2	0	0	1	2	0	0	0	0	0	0	4	0	0	0	1	0	1	2	0	5
mmorpg	0	0	0	0	0	0	2	0	0	0	0	0	32	0	0	0	0	0	0	1	7	0	0	0	0	0	0	0	10	0	0	0	0	0	0	0	0	0	0	0	0	0	0	0	0	0	0	0	0	0
路灯	0	0	0	0	0	2	0	0	0	0	0	0	2	1	4	1	3	0	0	0	0	0	0	0	0	0	0	1	0	23	1	0	0	0	0	0	1	2	0	0	3	0	0	0	0	0	3	0	1	4
---	0	0	0	0	1	5	0	0	0	1	1	1	10	0	7	0	3	0	2	0	0	0	0	0	0	2	0	0	1	1	0	0	0	3	1	0	1	1	1	0	4	0	0	0	1	0	1	1	0	3
环卫	0	0	0	0	4	10	0	0	0	0	0	0	0	0	8	0	1	0	1	0	0	0	0	0	0	0	0	0	0	21	1	1	0	0	0	0	0	0	0	1	1	0	0	0	0	0	0	0	0	3
二线	0	4	0	0	6	0	0	1	0	0	2	2	5	3	1	1	1	0	6	2	0	1	0	2	0	0	0	0	2	1	4	0	0	0	0	0	0	0	0	1	4	0	0	0	0	0	1	0	0	2
乳制品	1	3	0	0	4	0	0	0	0	0	1	3	3	0	3	0	1	0	0	0	0	0	0	0	0	8	0	0	0	0	0	0	0	0	0	0	0	0	0	0	4	0	0	0	14	0	0	2	0	5
china	0	1	0	0	2	1	2	0	0	1	1	6	10	1	5	1	3	0	2	1	0	1	0	1	0	2	0	0	0	4	1	0	0	0	0	0	0	0	0	0	2	0	1	0	0	0	0	0	0	3
热电	0	0	0	0	3	0	0	0	0	0	0	4	1	0	7	0	1	0	2	0	0	0	0	0	0	0	0	0	0	25	0	0	0	0	0	0	1	1	0	1	0	0	0	0	0	0	4	0	0	2
开发设计	0	0	0	0	2	3	0	0	0	0	0	2	6	1	11	0	2	0	0	1	1	0	0	1	0	1	0	1	2	1	1	0	0	1	0	0	1	2	1	1	3	0	1	0	1	0	0	0	1	4
信息流	0	1	0	0	0	0	4	0	0	0	2	2	6	1	0	0	4	0	0	1	0	0	0	4	0	1	0	0	8	1	1	0	0	0	4	0	0	0	0	0	6	0	0	0	1	0	0	1	0	4
博览会	0	0	0	0	2	1	1	1	0	0	1	0	1	2	11	0	4	1	0	1	0	0	0	0	0	1	0	0	1	3	2	0	0	2	1	0	3	0	0	0	3	0	0	1	3	0	0	1	0	5
hp	0	0	0	0	0	0	6	0	0	0	0	0	5	0	6	0	20	1	0	0	0	0	0	0	0	2	0	0	0	0	0	0	0	2	0	0	0	0	0	0	4	0	0	0	0	0	0	0	0	7
参考	0	0	0	0	3	4	1	0	0	4	1	0	11	1	1	0	2	2	1	0	0	0	0	0	0	0	0	0	4	2	1	0	0	1	1	0	1	0	0	1	6	0	0	0	1	0	0	0	0	4
ipad	0	0	0	0	0	0	7	0	0	0	0	0	29	0	0	1	4	2	0	0	4	0	0	0	0	0	0	1	1	0	0	0	0	0	0	0	0	0	0	0	4	0	0	0	0	0	0	0	0	0
一揽子	0	0	0	0	2	1	0	0	0	0	0	5	5	1	1	0	4	1	0	2	1	1	0	1	0	1	0	0	3	4	2	0	0	0	2	0	0	0	0	1	1	0	0	1	1	0	0	0	1	11
绩效	0	0	0	0	1	1	6	0	0	0	0	1	8	0	3	0	14	0	0	0	0	0	0	0	0	0	0	0	2	2	0	0	0	3	0	0	1	0	0	0	2	0	0	0	0	1	2	0	0	6
实物	0	1	2	1	0	1	0	0	0	0	0	2	4	0	3	0	3	2	1	0	1	0	0	0	0	0	0	0	11	1	1	0	0	1	9	0	1	1	0	0	5	0	0	1	0	1	0	0	0	0
尺寸	0	0	0	1	0	1	1	0	0	0	0	0	1	0	15	1	4	0	1	0	0	0	0	0	0	0	0	0	0	3	0	0	0	0	0	0	1	2	2	0	12	0	0	0	0	0	1	0	0	7
历程	0	0	1	0	2	2	1	0	0	2	0	1	9	1	6	0	5	0	7	0	1	0	0	0	0	2	0	0	0	1	2	0	0	0	0	0	0	0	0	0	4	0	0	0	1	0	0	1	0	4
农副产品	2	2	0	0	3	0	0	0	0	0	0	4	1	0	3	0	2	0	1	0	0	0	0	2	0	2	0	0	2	4	0	0	0	0	1	0	0	0	0	0	4	0	0	0	11	1	0	7	1	0
热力	0	0	0	0	6	0	2	0	0	0	0	0	2	0	8	0	3	0	0	0	1	0	0	0	0	0	0	0	0	17	0	0	0	0	0	0	1	0	0	0	0	0	0	0	0	0	6	0	2	5
实战经验	0	0	0	1	1	0	1	0	0	0	1	1	3	2	1	0	6	0	3	2	2	0	0	1	0	0	0	0	4	2	3	0	0	2	3	0	0	0	0	0	4	0	1	0	1	0	0	0	1	7
水泵	1	0	0	0	0	9	0	0	0	0	1	0	0	0	23	2	1	0	0	0	0	0	0	0	0	0	0	5	0	5	0	0	0	0	0	0	0	0	0	0	3	0	0	0	0	0	1	0	0	2
上汽	0	0	0	0	3	32	0	0	0	0	1	1	0	1	4	0	0	0	0	1	0	0	0	3	0	0	0	0	0	1	1	0	0	0	0	0	0	1	0	0	0	0	0	0	1	0	1	0	0	2
pvc	0	0	0	0	0	2	0	0	0	0	0	0	0	0	16	0	0	0	1	0	0	0	0	0	0	3	0	0	0	8	0	0	0	0	0	0	11	0	0	4	3	0	0	0	0	0	0	0	0	5
中试	0	0	1	0	0	0	1	0	0	1	0	0	1	0	7	0	1	0	0	0	0	0	0	0	0	16	0	0	0	13	0	0	0	0	0	0	5	0	0	1	1	0	0	0	1	0	2	0	0	2
挑战	0	0	1	0	0	1	3	1	0	0	0	0	6	0	4	0	10	4	0	0	2	1	0	1	0	2	0	0	0	1	0	0	0	1	0	0	0	0	0	0	2	0	0	0	0	0	2	0	0	11
科技攻关	0	0	0	0	0	0	5	0	0	0	1	1	2	0	14	0	4	0	0	0	0	0	0	0	0	4	0	0	0	10	0	0	0	0	0	0	1	0	0	0	1	0	0	0	0	1	1	1	0	7
冶炼	0	0	0	0	0	0	0	0	0	0	0	0	0	0	23	2	0	0	0	0	0	0	0	0	0	0	0	0	0	16	0	0	0	0	1	0	3	0	0	0	1	0	0	0	0	0	1	0	0	6
资源共享	1	0	0	0	0	2	4	0	0	1	0	0	10	1	0	0	5	1	4	1	1	0	0	2	0	2	0	0	4	0	0	0	0	2	3	0	0	0	0	0	3	0	0	0	0	0	0	0	1	5
题材	0	0	0	0	2	0	0	0	0	0	0	1	20	4	0	0	0	0	1	9	8	1	0	0	0	0	0	0	3	0	1	0	0	0	0	0	0	0	0	0	1	0	2	0	0	0	0	0	0	0
加密	1	0	0	0	0	0	7	0	0	0	0	1	10	0	1	0	13	0	0	0	1	0	0	0	0	1	0	0	10	0	0	0	0	1	0	0	0	0	0	0	2	0	0	1	0	0	0	0	0	4
会计师	0	0	0	0	1	1	0	0	0	0	0	5	1	0	4	0	0	1	2	0	0	0	0	0	0	1	0	0	15	3	0	0	0	0	10	0	1	0	0	0	0	0	0	0	0	0	0	1	0	7
船用	0	0	0	0	0	6	0	0	0	0	0	0	1	0	33	1	1	0	0	0	0	0	0	0	0	0	0	2	0	4	0	0	0	0	0	0	0	0	0	0	3	0	0	0	0	0	0	0	0	3
各省	0	0	0	0	1	3	1	0	1	0	0	1	9	3	3	1	5	3	1	3	0	0	0	0	0	4	0	0	1	2	0	0	1	1	0	0	1	0	0	0	3	0	1	1	0	0	0	1	0	3
装机容量	0	0	0	0	0	0	0	0	0	0	0	1	0	0	0	0	0	0	0	0	0	0	0	0	0	0	0	0	0	45	0	0	0	0	0	0	0	0	0	0	0	0	0	0	0	0	7	0	0	1
纤维	0	0	0	0	3	0	0	0	0	0	0	0	1	0	8	0	0	0	1	0	0	0	0	0	0	3	0	0	0	18	0	0	0	0	0	0	13	0	0	0	1	0	0	0	4	0	1	0	0	1
高尔夫	0	0	0	0	1	2	0	0	1	1	0	2	8	0	1	0	2	1	10	7	0	7	0	0	0	0	0	0	1	0	1	0	0	0	0	0	0	0	0	1	5	0	0	0	0	0	0	0	0	3
纽带	1	0	0	0	0	3	2	1	1	1	2	8	9	2	1	0	2	2	4	3	1	0	0	1	0	0	0	0	2	1	0	0	0	0	0	0	0	0	0	0	2	0	0	0	1	1	0	0	0	3
器具	1	1	0	0	1	1	2	0	0	0	0	0	1	0	11	1	2	0	0	0	0	0	0	0	0	9	0	2	0	5	0	0	1	0	0	0	1	1	0	0	10	0	0	0	1	0	0	0	0	3
意识	0	0	0	0	0	1	3	0	0	0	0	2	6	1	9	0	6	0	4	0	0	2	0	1	0	3	0	0	0	2	0	0	0	0	0	0	3	0	0	2	3	0	0	0	0	0	1	0	0	5
大楼	0	0	0	0	1	2	1	0	1	0	0	3	2	0	11	0	5	0	13	0	0	0	0	1	0	3	0	0	0	5	0	0	0	0	0	0	1	0	0	1	2	0	0	0	0	0	0	0	0	2
先行者	0	0	0	1	1	1	5	0	0	0	0	0	9	2	4	0	10	1	1	2	1	0	0	0	0	2	0	0	0	4	1	0	1	1	0	0	0	0	0	0	1	1	0	1	0	0	2	0	0	2
拍卖	1	3	0	0	1	4	2	0	0	0	1	5	5	0	1	0	1	0	4	4	0	0	1	0	0	0	0	0	4	0	1	0	0	3	3	0	0	0	0	1	6	0	0	0	1	0	0	1	0	1
产量	0	0	0	0	2	2	0	0	0	0	0	0	0	1	14	0	2	0	0	0	0	0	0	0	1	3	0	0	0	6	1	0	0	0	0	0	3	0	0	1	3	0	1	0	6	0	0	5	0	3
防腐	0	0	0	0	0	1	0	0	0	0	0	0	0	0	13	1	1	0	2	0	0	0	0	0	0	0	0	1	0	16	0	0	0	0	0	0	12	0	0	3	0	0	0	0	0	0	1	0	0	3
产品种类	0	1	0	0	1	3	1	2	0	0	0	0	2	0	13	1	1	1	0	0	1	0	0	1	0	3	1	0	0	4	0	0	0	0	0	0	0	1	1	2	5	0	0	0	3	0	0	1	0	5
学术	0	0	0	0	1	0	2	0	1	4	0	0	5	4	6	0	5	3	0	0	0	1	0	0	0	15	0	0	0	2	0	0	0	0	0	0	0	0	0	0	2	0	0	0	0	0	0	0	0	3
北大	0	0	0	0	0	0	5	0	1	0	1	1	9	0	2	0	4	5	0	0	0	0	0	0	1	6	0	0	4	0	0	0	0	1	4	0	0	0	0	0	2	0	0	3	1	0	0	0	0	4
栏目	1	0	0	0	0	0	0	0	0	1	0	2	14	9	1	0	1	2	0	8	2	0	1	0	0	0	0	0	1	0	0	0	0	0	0	0	0	0	0	0	1	0	5	0	2	0	0	1	0	2
电子化	0	0	0	0	1	1	9	0	1	0	0	4	6	1	0	0	10	2	0	0	0	0	0	1	0	0	0	2	3	0	1	0	0	2	0	0	0	1	0	0	5	0	0	0	0	0	0	0	0	4
全案	1	0	0	0	0	0	0	0	0	1	2	1	9	12	1	0	2	1	2	4	0	0	0	0	0	0	0	0	0	0	10	0	0	0	0	0	0	0	0	0	1	0	0	0	0	0	0	0	0	7
多种产品	0	0	0	0	2	3	1	0	0	0	0	0	6	2	12	0	1	0	1	1	1	1	0	0	0	3	1	0	1	5	1	0	0	0	0	0	0	1	0	0	6	0	0	0	2	0	0	0	1	2
认同	0	0	0	0	0	0	3	0	0	1	0	2	5	2	8	1	6	0	1	2	0	0	0	1	0	4	0	0	3	1	0	0	0	1	1	0	0	1	0	0	6	0	0	0	0	0	0	1	0	5
各方	0	0	0	0	1	2	1	0	1	0	0	4	7	2	3	0	4	0	3	1	2	0	0	0	0	1	0	0	3	1	1	0	0	0	1	0	2	0	0	1	4	0	1	2	0	0	0	0	1	6
视频会议	0	0	0	0	0	0	8	0	1	0	0	0	10	3	0	0	19	0	0	2	0	0	0	0	0	0	0	0	0	0	0	0	0	0	0	0	0	1	0	0	4	0	1	1	0	0	0	0	0	5
求职	0	0	0	0	0	0	1	0	0	4	0	0	29	0	0	0	4	5	0	0	0	0	0	0	0	0	0	0	0	0	0	0	0	0	0	11	0	0	0	0	0	0	0	0	0	0	0	0	0	1
攻略	0	0	0	0	0	0	0	0	0	6	0	0	30	3	0	0	1	0	0	1	4	0	0	0	0	0	0	0	2	0	1	0	4	0	0	0	0	0	0	0	2	0	0	0	0	0	0	0	0	1
连接器	0	0	0	0	0	4	0	0	0	0	0	2	0	0	9	3	4	0	0	0	0	0	0	0	0	1	0	0	1	1	0	0	0	0	0	0	2	0	0	0	23	0	0	0	0	0	2	0	0	3
冷冻	0	1	0	0	3	0	0	0	1	0	1	0	1	0	6	2	1	0	1	0	0	0	0	5	0	4	4	1	1	2	0	0	0	0	1	0	0	0	0	0	1	0	0	0	12	0	0	2	1	4
促销	0	0	0	1	2	1	0	0	0	3	2	0	11	1	2	0	5	0	1	2	1	0	0	0	0	0	0	0	0	0	7	0	0	1	0	0	0	0	0	0	12	0	0	0	0	0	0	0	0	3
大师	0	1	1	0	0	0	3	0	0	1	2	0	15	2	0	0	0	1	2	6	1	1	0	0	0	1	0	0	2	0	2	0	0	1	1	0	0	0	0	0	1	0	2	0	3	0	1	0	0	5
塑胶	0	0	1	0	0	8	0	0	0	0	0	0	0	0	28	0	0	0	1	0	0	0	0	0	0	0	0	0	0	3	0	0	0	0	0	0	4	0	0	2	5	0	0	0	0	0	0	0	0	3
管理水平	0	0	0	0	1	2	8	0	0	0	0	1	3	1	6	1	7	2	1	0	0	0	0	0	0	3	0	0	2	4	0	0	1	1	1	0	0	0	0	0	0	0	0	0	1	0	0	1	1	7
问答	0	0	0	0	0	0	1	0	0	10	0	1	26	0	1	0	3	5	0	1	0	0	0	0	0	1	0	0	1	0	1	0	1	0	0	0	0	0	0	0	1	0	0	0	0	0	0	0	0	2
体检	0	0	0	0	2	0	0	1	0	2	0	0	11	0	0	0	2	0	1	0	0	0	0	0	1	24	0	0	5	2	0	0	1	0	0	0	0	0	0	0	0	0	0	0	0	0	0	0	0	3
每月	0	0	0	0	2	0	0	0	0	2	0	2	13	2	3	0	1	0	1	3	1	1	0	1	0	1	0	0	7	0	0	0	0	0	4	0	0	0	0	1	7	0	0	0	0	0	0	0	0	3
通讯器材	1	2	0	0	1	0	2	0	0	0	0	7	4	1	2	0	12	1	3	3	0	1	0	1	0	2	0	0	0	2	0	0	0	0	0	0	1	0	0	0	3	0	1	0	1	0	0	1	1	2
国道	0	0	0	0	4	4	0	0	0	0	0	0	0	0	10	0	2	0	8	0	0	0	0	1	0	3	0	0	0	8	0	0	0	0	0	0	2	0	0	1	3	0	0	0	3	0	0	2	0	4
量化	0	0	0	0	1	2	1	0	0	1	0	8	4	1	2	0	3	2	0	1	0	1	0	0	0	1	0	0	10	0	1	0	0	6	3	0	0	1	0	0	0	0	0	0	0	2	0	0	0	4
partners	0	2	1	0	2	0	2	0	0	0	0	3	6	1	2	0	5	2	0	0	0	0	1	0	0	2	0	0	2	0	0	0	0	5	0	2	0	2	1	0	1	0	0	0	1	0	0	0	0	12
柴油机	0	0	0	0	0	17	0	0	0	0	0	0	0	0	29	0	0	0	0	0	0	0	0	0	0	0	0	0	1	3	0	0	0	0	1	0	1	0	0	0	0	0	0	0	0	0	2	0	0	1
树脂	0	0	0	0	0	2	0	0	0	0	0	1	0	0	11	0	0	0	0	0	0	0	0	0	0	2	0	1	0	12	0	0	0	0	0	0	17	0	0	1	2	0	0	0	0	0	0	0	0	6
区域性	0	0	0	0	0	0	0	0	1	2	0	1	8	1	3	0	2	0	5	1	0	0	0	1	0	5	1	0	4	5	2	0	1	0	1	0	0	0	0	0	2	0	0	0	0	0	0	1	2	6
微波	0	0	0	0	1	3	3	0	0	0	0	1	3	0	8	0	6	0	0	0	0	0	0	0	0	1	0	2	0	3	0	0	0	0	0	0	2	2	0	0	13	0	0	0	1	1	1	0	1	3
标签	0	2	0	0	1	0	0	0	0	1	0	0	8	1	7	2	5	1	0	0	0	0	0	0	0	0	0	2	1	1	1	0	0	1	1	0	3	1	0	0	6	0	0	0	0	0	0	0	4	6
不动产	0	0	0	0	4	0	1	0	0	0	0	5	1	1	0	0	2	0	20	1	0	0	0	0	0	0	0	0	5	2	1	0	0	1	6	0	0	0	0	0	1	0	0	0	0	0	0	0	0	4
信息管理系统	0	0	0	0	0	1	13	0	2	0	0	0	3	0	3	0	15	0	0	0	0	0	0	2	0	6	0	0	0	1	0	0	0	1	0	0	0	0	0	0	4	0	0	0	0	0	0	0	1	4
时空	0	0	1	0	0	0	3	0	0	2	3	0	20	3	0	0	1	1	1	3	2	1	0	1	0	1	0	0	4	0	2	0	0	1	1	0	0	0	0	0	2	0	0	0	0	0	1	0	0	2
婴幼儿	1	2	0	0	3	1	1	6	0	0	3	1	8	1	0	0	1	5	0	0	0	0	0	0	0	4	0	0	0	0	1	0	0	0	0	0	0	0	0	0	6	0	0	0	7	0	0	0	0	5
家政	0	0	0	0	8	0	0	2	0	0	2	1	9	0	1	0	3	0	8	0	0	0	0	0	0	0	0	0	0	2	1	4	1	0	0	0	0	1	0	2	6	0	0	0	0	0	0	0	0	5
工商户	0	0	0	0	2	0	0	0	0	0	0	15	0	0	1	0	0	0	0	0	0	0	0	0	0	0	0	0	19	0	0	0	0	0	18	0	0	0	0	0	0	0	0	0	0	0	0	0	0	1
国企	0	0	0	0	1	3	2	0	0	0	0	9	3	0	1	0	8	1	2	0	0	0	0	1	0	0	0	0	10	2	0	0	0	2	5	0	0	0	0	0	0	0	0	0	0	0	0	0	0	6
各行各业	0	0	1	0	0	0	3	0	0	0	1	2	12	1	4	0	8	1	1	0	0	0	0	0	0	0	0	0	3	1	1	0	0	4	1	0	1	0	0	1	1	0	0	1	0	0	0	0	2	6
防伪	0	0	0	0	1	0	7	1	1	0	1	0	6	0	6	1	9	1	0	0	0	0	0	0	0	0	0	0	0	1	0	0	0	1	0	0	5	1	0	0	4	0	1	0	1	0	0	0	3	5
在职员工	1	0	0	0	2	1	1	0	0	0	1	2	3	2	12	0	6	1	4	1	0	0	0	0	0	3	0	0	3	1	1	0	1	0	3	0	0	0	0	0	1	0	1	0	1	0	0	0	1	3
成长性	0	0	0	0	0	0	2	0	0	0	0	7	1	1	5	0	4	1	7	1	0	0	0	0	0	3	0	0	3	6	0	0	0	0	3	0	0	0	0	1	1	0	0	0	1	0	0	1	1	7
极致	0	4	1	0	2	1	1	1	0	0	1	2	12	0	0	0	4	0	1	0	4	0	0	0	0	3	0	0	2	1	1	0	0	0	1	0	0	1	0	0	7	0	0	0	3	0	0	0	1	2
机车	0	0	0	0	0	7	1	0	0	0	0	0	1	0	26	1	2	0	1	0	0	0	0	0	0	0	0	2	0	3	0	0	0	0	0	0	1	1	0	0	5	0	0	0	0	0	0	0	0	5
本身	0	0	1	0	2	0	1	0	0	1	0	4	7	1	1	0	2	0	4	0	0	0	0	0	0	2	0	0	10	1	1	0	0	1	10	0	0	0	0	0	3	0	0	0	0	0	0	0	0	4
版块	0	3	0	0	1	1	0	0	0	3	0	2	12	5	1	0	0	0	3	4	1	0	0	1	0	2	0	0	1	3	2	0	0	0	1	0	0	0	0	0	3	0	3	0	1	0	0	1	0	2
抗生素	1	1	0	0	0	0	0	0	0	0	0	0	1	0	3	0	0	0	0	0	0	0	0	0	1	42	0	0	0	2	0	0	0	0	0	0	0	0	0	0	2	0	0	0	1	0	0	1	0	1
这种	0	0	0	0	1	0	4	1	0	1	1	2	9	0	2	1	0	2	1	4	1	0	0	0	0	3	0	0	5	3	1	0	0	0	3	0	1	1	0	1	3	0	0	0	2	0	0	0	0	3
展会	0	0	0	0	2	1	1	0	0	1	0	0	5	6	3	0	5	0	0	4	0	1	0	0	0	0	0	1	0	1	4	0	2	1	0	0	0	0	0	0	9	0	1	1	1	0	0	0	0	6
遥感	0	0	0	0	1	2	18	0	3	0	0	0	5	0	2	0	14	0	0	0	0	0	0	0	0	0	0	0	0	0	0	0	0	1	0	0	0	2	0	0	2	0	0	0	0	0	0	1	0	5
饰品	0	4	1	0	8	1	0	0	0	1	2	0	5	0	1	1	1	0	1	4	1	0	0	1	0	1	0	0	2	0	0	0	0	0	1	0	0	0	1	2	11	0	0	0	0	0	0	0	0	6
大赛	0	0	1	0	1	1	3	1	0	2	0	0	17	2	2	0	1	4	0	3	2	0	0	0	0	2	0	0	0	1	3	0	0	0	0	1	0	1	0	0	1	0	0	0	1	0	1	0	1	4
角色	0	0	0	0	0	0	1	0	0	0	0	2	15	0	1	0	4	0	2	3	7	0	0	0	0	2	0	0	6	0	0	0	0	0	3	0	0	0	0	0	5	0	4	0	0	0	0	0	1	1
technology	0	0	1	0	1	0	10	0	0	0	1	3	6	0	4	0	11	1	0	0	0	0	0	0	0	1	0	0	2	5	0	0	0	1	0	0	0	1	0	0	3	0	0	2	0	0	0	0	0	4
产品认证	0	0	0	0	0	3	2	0	0	0	0	1	2	0	13	1	3	0	1	0	0	0	0	0	0	2	0	0	0	8	0	0	0	1	0	1	5	0	0	0	5	0	0	0	1	0	1	0	0	7
电控	0	0	0	0	1	16	1	0	0	0	0	0	0	0	18	2	0	0	1	0	0	0	0	0	0	0	0	1	0	6	0	0	0	0	0	0	0	2	0	0	4	0	0	0	0	0	4	0	0	1
api	0	1	0	0	0	1	2	0	0	1	0	0	13	1	13	0	5	0	0	0	0	0	0	2	0	3	0	0	2	1	0	0	1	2	0	0	0	0	0	0	1	0	0	1	1	0	0	0	1	5
固体	0	0	0	0	0	0	0	0	0	0	0	0	0	0	10	0	0	0	0	0	0	0	0	0	2	17	0	2	0	19	0	0	0	0	0	0	2	0	0	0	0	0	0	0	2	0	0	1	0	2
mobile	0	0	0	1	0	0	6	0	0	2	0	0	26	0	0	0	6	0	0	1	10	0	0	0	0	0	0	0	0	0	1	0	0	0	0	0	0	1	0	0	0	0	0	1	0	0	0	0	0	2
奥运会	0	0	0	0	0	4	3	0	0	1	0	2	4	1	1	0	7	0	1	2	0	5	0	0	0	1	0	1	0	10	0	0	1	0	0	0	0	0	0	0	7	0	0	1	0	0	0	0	1	4
购销	0	1	0	0	5	3	1	0	0	0	0	3	6	1	3	0	3	0	2	0	0	0	0	1	0	2	0	1	2	4	0	0	0	1	0	0	2	0	0	2	3	0	0	0	7	0	1	1	0	2
利率	0	0	0	0	0	0	1	0	0	0	0	5	1	0	1	0	0	0	0	0	0	0	0	0	0	0	0	0	25	0	0	0	0	0	24	0	0	0	0	0	0	0	0	0	0	0	0	0	0	0
预定	0	1	0	0	2	1	0	0	0	2	1	0	23	1	0	0	2	1	1	1	0	2	0	0	0	0	0	0	0	0	0	0	9	0	0	0	0	0	0	0	9	0	0	1	0	0	0	0	0	0
top	0	0	0	1	1	3	4	0	1	0	0	1	13	0	2	0	4	0	6	0	5	0	0	0	0	0	0	0	1	3	0	0	0	0	0	0	0	0	0	1	5	0	0	0	0	0	0	0	2	4
平面	0	0	1	0	0	0	0	0	1	1	0	0	6	5	11	1	2	1	3	4	0	0	0	0	0	0	0	1	0	0	1	0	0	0	0	0	0	1	1	0	10	0	0	0	0	0	0	0	0	7
食材	5	4	1	0	6	0	0	0	1	1	2	0	5	0	1	0	0	0	0	0	0	0	0	0	0	1	2	0	0	0	0	0	0	0	0	0	0	0	0	0	7	1	0	0	15	0	0	2	0	3
矩阵	2	0	0	0	1	0	2	0	2	3	1	0	11	6	1	0	3	1	2	5	0	1	0	0	0	0	0	0	0	0	5	0	0	1	0	0	0	0	0	0	4	0	0	0	0	0	0	0	1	5
楼盘	0	0	0	0	2	1	1	0	0	1	0	2	4	1	1	0	3	0	34	0	0	0	0	0	0	0	0	0	0	0	2	0	0	0	1	0	0	0	0	1	1	0	0	0	0	0	0	0	0	2
金奖	0	0	0	0	4	4	1	0	0	0	0	0	0	1	14	0	3	0	4	1	0	0	0	0	0	1	1	0	0	4	1	0	1	0	0	0	4	0	0	0	2	0	0	0	5	0	0	3	0	4
建筑业	0	0	0	0	2	1	2	0	0	0	0	10	3	0	3	0	2	0	15	0	0	0	0	0	0	0	0	0	2	5	0	0	0	0	1	0	1	0	0	3	0	0	0	0	0	0	1	0	0	7
矿产品	1	0	0	0	0	1	0	0	0	0	0	26	1	0	3	1	0	0	5	0	0	0	0	3	0	1	0	0	0	3	0	0	1	0	0	0	3	0	0	0	0	0	0	0	0	0	2	0	0	7
风能	0	0	0	0	0	1	0	0	0	0	0	1	0	0	7	0	0	0	0	0	0	0	0	0	0	0	0	1	0	36	0	0	0	0	0	0	0	0	0	0	1	0	0	0	0	0	10	0	0	1
海运	0	0	0	0	2	3	0	0	1	0	0	2	4	0	4	0	1	0	0	0	0	1	0	18	0	0	2	0	1	2	0	0	0	1	1	0	0	0	0	0	1	0	0	0	1	0	1	0	4	8
煤化工	0	0	0	0	2	0	0	0	0	0	0	0	2	0	15	0	0	0	1	0	0	0	0	0	0	0	0	0	2	24	0	0	0	0	0	0	3	1	0	0	2	0	0	0	0	0	3	0	0	3
标志	0	0	0	0	3	8	0	0	0	0	0	1	4	0	11	0	2	1	5	0	1	0	0	0	0	2	1	0	1	2	0	0	0	0	0	0	0	2	0	0	6	0	0	0	6	0	0	0	1	1
舞台	0	0	0	0	1	1	1	0	0	2	2	2	7	9	2	0	2	1	0	12	0	1	0	0	0	0	0	0	1	0	3	0	0	0	0	0	0	0	0	0	3	1	0	0	1	0	0	1	1	4
技术骨干	0	0	0	0	0	1	2	0	3	0	0	0	4	0	11	0	7	1	2	0	0	0	0	0	0	1	0	1	0	6	0	0	0	2	0	0	1	1	0	1	5	0	0	0	2	0	0	1	0	6
group	0	0	1	0	1	5	1	0	0	0	1	7	6	0	3	0	4	1	4	1	1	2	0	1	0	5	1	0	0	2	0	0	1	0	0	0	0	0	0	0	3	0	2	0	1	0	0	0	0	4
网络系统	0	0	0	0	0	1	10	0	0	0	0	0	3	0	2	1	24	0	0	0	0	0	0	0	0	2	0	0	1	0	0	0	0	0	0	0	0	1	0	0	4	0	0	0	0	0	0	0	0	9
局面	1	1	0	0	2	0	0	1	0	0	2	0	4	1	4	0	2	0	0	1	0	0	0	1	0	2	0	0	8	2	0	0	0	0	8	0	4	0	0	0	8	0	0	0	0	0	0	0	0	6
孵化器	0	0	0	0	0	0	1	0	0	0	2	17	6	1	0	0	3	2	2	1	1	0	0	0	0	3	1	0	3	2	0	0	0	0	1	0	0	1	0	0	2	0	0	0	0	0	0	0	0	9
城镇	0	0	0	0	5	0	0	0	0	0	0	3	2	0	2	0	2	0	9	0	0	0	0	0	0	0	0	0	0	29	1	0	0	0	0	0	0	0	0	1	0	0	0	0	0	0	1	0	0	3
ceo	0	1	0	0	1	0	1	0	0	4	1	1	13	2	0	0	4	1	1	5	5	1	0	0	0	2	0	0	1	0	1	0	0	0	1	0	0	0	0	0	5	0	1	0	0	0	0	0	1	5
信息产业	0	0	0	0	0	1	14	0	0	1	0	2	9	0	0	0	14	0	4	0	0	0	0	0	0	0	0	0	2	1	0	0	0	0	0	0	0	1	0	0	1	0	0	1	0	0	0	0	1	6
online	0	0	0	0	0	0	0	0	0	1	1	0	29	0	0	0	0	1	0	1	5	0	0	0	0	0	0	0	9	0	1	0	0	0	1	0	0	0	0	0	9	0	0	0	0	0	0	0	0	0
箱包	1	3	0	0	3	0	1	0	0	0	1	2	4	1	3	1	0	0	0	2	0	0	1	3	0	0	0	0	1	2	0	0	1	0	0	0	0	0	1	0	19	0	1	0	0	0	0	0	0	7
防火	0	0	0	0	1	1	3	0	0	0	0	1	3	0	10	1	2	0	2	0	0	0	0	0	0	1	0	0	0	7	0	0	0	0	0	0	6	1	0	5	6	0	0	0	0	1	0	0	1	6
人脉	0	0	0	0	1	0	0	0	0	15	0	0	25	0	0	0	3	1	0	0	0	0	0	0	0	0	0	0	4	0	1	0	0	0	2	1	0	0	0	0	0	1	0	0	0	0	0	0	1	3
奥迪	0	0	0	0	1	18	0	0	0	1	0	1	7	1	9	1	4	0	0	1	0	0	0	0	0	1	0	0	0	0	2	0	0	1	0	0	0	0	0	0	3	0	0	1	0	0	0	0	0	6
家园	1	0	1	0	4	0	1	0	0	3	2	1	14	2	1	0	1	7	10	1	0	0	0	1	0	1	0	0	0	2	0	0	0	0	0	0	0	0	0	1	2	0	0	0	0	0	0	0	0	2
零售业	0	2	0	0	2	0	2	0	4	0	1	2	6	0	1	0	6	0	4	0	0	0	0	3	0	1	0	1	1	1	1	0	0	1	0	0	0	1	0	0	5	0	0	1	1	0	0	0	3	8
饮品	1	3	0	0	6	0	0	0	0	0	3	1	5	0	1	0	1	0	3	1	0	1	0	0	0	1	0	0	0	0	1	0	0	0	0	0	0	0	0	0	6	0	0	0	22	0	0	0	1	1
打造出	0	0	0	0	1	2	2	0	0	1	2	0	9	0	2	0	5	3	1	2	1	0	0	0	0	1	0	0	7	1	0	0	2	0	4	0	0	0	0	1	6	0	0	0	0	0	0	1	0	4
农机	1	0	0	0	2	4	0	0	0	0	1	1	2	0	25	0	0	0	0	0	0	0	1	0	0	0	0	1	0	1	0	0	0	1	0	0	1	0	0	0	2	0	0	0	2	0	0	9	1	3
商旅	1	0	0	0	3	2	1	0	0	0	1	3	16	1	0	0	2	1	1	1	0	0	0	0	0	0	0	0	3	0	1	0	9	1	0	0	0	0	0	0	6	0	0	2	0	1	0	0	0	3
金融业	0	0	0	0	2	0	1	0	0	0	0	20	3	0	2	0	5	0	4	0	0	0	0	0	0	1	0	1	9	0	0	0	0	1	4	1	0	0	0	0	1	0	0	1	0	0	0	0	0	3
品牌策划	2	0	0	0	0	0	1	0	0	0	1	1	7	9	0	0	3	0	1	6	0	0	0	0	0	1	0	0	0	0	8	0	0	0	0	0	0	0	0	1	1	0	0	0	0	0	0	0	1	16
电镀	0	0	0	0	0	7	0	0	0	0	0	0	0	0	14	1	1	0	0	0	0	0	0	0	0	0	0	0	0	26	0	0	0	0	0	0	4	0	0	0	0	0	0	0	0	0	2	0	0	4
液体	0	0	0	0	1	3	1	1	0	0	0	0	1	0	13	0	1	0	0	0	1	0	0	0	0	9	0	0	0	13	0	0	0	0	0	0	4	0	0	0	0	0	0	0	6	0	0	2	0	3
产值	0	0	0	0	2	3	1	0	0	1	1	1	2	0	18	0	1	0	3	0	0	0	0	0	0	2	0	0	1	6	0	0	0	0	1	0	2	1	0	0	4	0	0	0	2	0	1	1	0	5
微生物	0	0	0	0	2	0	0	0	0	0	0	1	0	0	3	0	0	0	0	0	0	0	0	0	0	10	0	0	0	23	0	0	0	1	0	0	2	0	0	0	0	0	0	0	4	0	0	8	0	5
喷涂	0	0	1	0	0	4	0	1	0	0	0	0	0	0	29	0	0	0	0	0	0	0	0	2	0	0	0	3	0	6	0	0	0	0	0	0	4	1	0	1	3	0	0	0	0	1	1	0	0	2
基站	0	0	0	0	2	3	3	0	1	0	0	0	12	0	8	0	6	0	0	0	0	0	0	1	0	0	0	1	0	6	0	0	0	1	0	0	0	1	0	0	5	0	0	0	0	0	2	0	2	5
报关	0	0	0	0	2	2	0	0	1	0	0	2	3	0	0	0	0	0	0	0	0	0	0	26	0	2	0	1	0	0	0	0	0	0	0	0	0	0	0	0	2	0	0	0	0	0	0	0	3	15
功率	0	0	0	0	0	5	3	0	0	0	0	0	2	1	17	0	3	0	0	0	0	0	0	0	0	0	0	0	0	7	1	0	0	0	0	0	1	1	0	0	14	0	0	0	0	0	1	0	1	2
车身	0	0	0	0	0	40	0	0	1	0	0	1	1	4	8	0	0	0	0	1	0	0	0	0	0	0	0	0	0	0	3	0	0	0	0	0	0	0	0	0	0	0	0	0	0	0	0	0	0	0
意义	0	0	0	0	3	1	0	0	0	1	1	5	16	1	2	0	4	0	1	2	1	0	0	0	0	1	0	0	3	4	0	0	0	1	1	0	1	0	0	1	2	0	1	1	0	0	0	0	0	5
农户	2	2	0	0	4	0	0	0	1	0	0	9	0	0	0	0	0	0	0	0	0	0	2	1	0	0	0	0	2	1	1	0	0	0	2	0	0	0	0	0	2	0	0	0	13	0	0	13	0	4
同类	0	0	0	0	1	0	3	1	0	3	0	0	12	1	6	0	4	1	2	5	1	0	0	0	0	3	0	1	0	7	0	0	1	0	0	0	2	0	0	0	3	1	1	0	0	0	0	0	0	1
著名品牌	1	0	0	0	1	5	2	2	0	0	0	0	3	2	11	0	4	2	4	2	1	1	0	0	0	2	0	0	0	2	1	0	1	0	0	0	2	0	0	3	1	0	0	0	2	0	0	1	1	3
贵金属	0	0	0	0	3	1	2	0	1	0	0	8	3	0	4	0	2	0	2	2	0	0	0	2	0	1	0	1	8	8	0	0	0	0	4	0	0	1	0	0	2	0	0	0	0	0	0	1	0	4
智能机器人	1	0	1	0	0	0	2	0	0	0	0	0	4	0	18	0	5	2	0	1	0	0	0	0	0	1	0	0	0	1	0	0	0	0	0	0	0	10	0	0	3	0	0	0	0	6	0	1	1	3
不但	0	0	0	0	2	2	6	1	0	1	0	0	10	0	9	0	4	2	0	1	1	0	0	0	0	1	0	0	0	4	0	0	0	2	0	0	0	0	0	0	7	0	0	0	2	0	0	0	1	4
废物	0	0	0	0	0	0	0	0	0	0	0	0	0	0	3	0	0	0	0	0	0	0	0	0	0	2	0	1	0	46	0	0	0	0	0	0	1	0	0	0	2	0	0	0	1	0	0	2	0	2
cad	0	0	1	0	3	2	12	0	0	0	0	0	2	0	18	0	8	0	0	0	0	0	0	0	0	0	0	3	0	4	0	0	0	0	0	0	0	0	0	0	1	0	0	0	0	0	0	0	0	6
消毒	0	0	1	0	3	0	0	1	1	0	1	1	1	0	4	0	2	0	0	0	0	0	0	0	0	20	0	0	0	16	0	0	0	0	0	0	2	0	0	0	2	0	0	0	2	0	0	0	0	3
传承	0	1	0	0	7	0	1	0	1	0	0	0	8	2	5	0	1	4	1	6	0	0	0	0	1	7	0	1	1	2	1	0	0	0	0	0	0	2	0	0	2	0	0	0	5	0	0	0	0	1
基础架构	0	0	0	0	0	0	4	0	0	0	0	0	5	0	0	1	32	0	0	0	0	0	0	0	0	0	0	0	0	0	0	0	0	4	0	0	0	0	0	0	0	0	0	3	0	0	0	0	1	10
水资源	0	0	0	0	1	0	6	0	1	0	0	0	0	0	4	0	8	0	2	0	0	0	0	0	0	0	0	1	0	25	0	0	0	0	0	0	3	1	0	0	0	0	0	0	0	0	2	1	0	5
技术型	0	0	0	0	0	1	5	0	0	0	0	1	8	0	8	1	8	1	0	0	0	1	0	0	0	5	0	0	4	2	0	0	0	0	2	0	1	1	0	1	5	0	0	0	0	0	0	0	0	5
智能系统	0	0	1	0	1	2	7	0	0	0	0	1	5	0	4	0	12	1	0	0	0	0	0	0	0	0	0	0	1	1	0	0	1	2	0	0	0	5	0	1	3	0	0	0	0	3	0	0	4	5
网络设备	0	0	0	0	0	1	7	0	1	0	1	4	8	0	1	2	21	2	0	0	1	0	0	0	0	0	0	0	3	0	0	0	0	0	0	0	0	1	0	0	4	0	0	0	0	0	0	0	0	3
财税	1	0	0	0	0	0	7	0	0	0	0	4	9	0	0	0	6	2	2	0	0	0	0	0	0	0	0	0	5	0	0	0	0	0	2	0	0	0	0	0	2	0	0	0	0	0	0	1	0	19
北斗	0	0	0	0	0	3	5	0	1	0	0	1	7	1	4	1	12	0	0	0	0	0	0	1	0	0	0	0	0	1	0	0	1	2	0	0	0	4	1	0	7	0	0	1	0	1	0	0	1	5
彩票	0	0	0	0	1	0	4	0	0	0	1	0	27	1	2	0	5	0	0	4	0	1	0	0	0	0	0	0	7	0	0	0	0	0	0	0	0	0	0	0	3	0	0	0	0	0	0	0	0	4
轮胎	0	0	0	0	2	16	1	0	0	0	0	0	1	0	19	0	2	0	1	0	0	0	0	2	0	0	0	2	1	8	0	0	0	0	1	0	0	0	0	0	1	0	0	0	0	0	0	0	0	3
福利	0	2	0	0	3	0	1	0	0	1	1	1	14	0	1	0	3	0	0	1	0	0	0	0	0	2	0	0	14	1	0	0	0	0	1	1	1	1	0	0	2	0	1	0	0	0	0	0	0	8
保健食品	0	0	0	0	0	0	0	0	0	1	1	0	1	0	2	0	0	0	0	0	0	0	0	0	5	36	1	0	0	0	0	0	1	0	0	0	1	0	0	0	3	0	0	0	4	0	0	1	0	3
力度	0	0	0	0	0	4	1	0	0	0	1	3	4	2	7	0	8	1	0	1	0	0	0	0	0	3	0	0	1	3	1	0	1	0	0	0	1	0	0	0	5	0	2	0	0	0	1	1	1	8
旗舰	0	0	0	0	1	0	2	0	0	1	0	2	6	1	1	0	2	0	22	1	0	0	0	1	0	0	0	0	4	3	1	0	0	0	4	0	0	1	0	0	5	0	0	0	0	0	1	0	1	1
is	0	0	0	1	0	7	0	0	0	1	0	2	2	1	21	0	3	0	0	1	1	0	0	0	0	2	0	0	0	8	0	0	0	0	0	0	1	0	0	1	3	0	0	0	0	0	1	0	1	4
能量	0	1	0	0	1	2	1	0	0	0	0	0	1	2	5	0	2	0	0	3	0	0	0	0	0	0	0	0	0	17	0	0	1	0	0	0	2	1	0	0	7	0	0	0	4	0	5	1	2	3
工艺美术品	0	0	0	0	3	1	1	0	0	1	0	12	2	3	2	1	0	0	5	5	0	2	0	2	0	0	0	0	1	0	0	0	3	0	0	0	0	0	0	0	0	0	1	0	4	0	0	0	0	12
建筑物	0	0	0	0	2	1	1	0	0	0	0	0	1	0	10	2	3	0	16	0	0	0	0	0	1	0	0	1	0	8	0	0	0	0	0	0	0	0	0	4	2	0	0	0	0	0	3	0	0	6
层次	0	0	0	0	2	2	3	0	0	1	0	2	11	2	4	0	7	3	4	3	0	1	0	0	0	1	0	0	1	1	1	0	3	0	0	1	0	1	0	0	3	0	0	0	0	0	0	0	0	4
故事	0	1	0	0	1	0	0	0	0	3	0	1	18	2	1	0	2	4	1	7	1	0	1	0	0	0	1	0	0	0	1	0	1	0	0	0	0	1	0	0	3	2	5	0	0	0	0	0	0	4
级别	0	1	0	0	2	2	3	0	0	1	0	0	12	2	2	0	9	1	1	2	0	0	0	0	0	2	0	1	7	1	2	0	0	2	2	1	0	0	0	0	1	0	1	0	1	0	0	0	0	2
钱包	0	0	0	0	1	0	1	0	0	0	2	10	10	0	0	0	6	0	0	0	0	0	0	0	0	0	0	0	19	0	0	0	1	0	0	0	0	1	0	0	8	0	0	0	0	0	0	0	0	2
比赛	0	0	0	1	1	1	1	0	0	1	1	0	18	3	3	0	2	3	0	8	1	8	0	0	0	0	0	0	4	0	0	0	0	2	0	0	0	0	0	0	1	0	0	0	1	0	0	0	0	1
文明	1	0	0	0	3	3	1	0	0	0	1	0	10	0	3	0	3	1	4	1	1	0	0	0	0	2	0	0	2	7	0	0	2	1	0	0	1	1	0	4	1	0	0	0	1	0	2	0	0	5
经营权	0	0	0	0	1	0	2	0	0	0	0	1	4	3	6	0	3	0	2	1	0	0	0	0	0	3	0	0	2	18	2	0	0	0	0	0	2	0	2	0	1	0	0	0	2	0	0	0	0	6
人民	0	0	0	0	1	2	3	0	0	2	0	2	9	3	5	0	4	0	9	1	0	0	0	0	0	5	0	0	3	2	1	0	0	1	0	0	0	0	0	0	3	0	0	0	1	0	0	0	0	4
含量	0	0	1	0	1	1	1	0	0	0	0	0	1	0	11	0	3	0	0	2	0	0	0	1	1	4	0	0	0	8	0	0	0	0	0	0	3	0	0	0	2	0	1	0	7	0	1	5	0	7
轨道	0	0	0	0	1	6	2	0	0	0	0	1	1	1	25	0	5	0	2	0	0	0	0	0	0	0	0	0	1	5	1	0	0	0	0	0	2	0	0	0	1	0	0	0	0	0	3	0	0	4
